     price_txt  bedrooms_csv  bathrooms_json  sqft_living_xml       max   min     promedio
0     970000.0           4.0            3.25           4740.0  970000.0  3.25  243686.8125
1     985000.0           4.0            2.25           4230.0  985000.0  2.25  247309.0625
2     930000.0           4.0            4.00           6050.0  930000.0  4.00  234014.5000
3     863000.0           4.0            2.50           4120.0  863000.0  2.50  216781.6250
4     988000.0           4.0            3.00           4040.0  988000.0  3.00  248011.7500
5     868700.0           3.0            4.25           3840.0  868700.0  3.00  218136.8125
6     921500.0           4.0            2.50           3670.0  921500.0  2.50  231294.1250
7     650000.0           6.0            2.75           3610.0  650000.0  2.75  163404.6875
8     861990.0           5.0            2.75           3595.0  861990.0  2.75  216398.1875
9     515000.0           4.0            3.00           3590.0  515000.0  3.00  129649.2500
10    800000.0           3.0            3.50           3830.0  800000.0  3.00  200959.1250
11    810000.0           4.0            2.50           3520.0  810000.0  2.50  203381.6250
12    780000.0           4.0            2.50           3500.0  780000.0  2.50  195876.6250
13    722500.0           5.0            2.50           4870.0  722500.0  2.50  181844.3750
14    467000.0           3.0            2.50           3460.0  467000.0  2.50  117616.3750
15    720000.0           4.0            2.50           3450.0  720000.0  2.50  180864.1250
16    380000.0           5.0            3.00           3450.0  380000.0  3.00   95864.5000
17    900000.0           3.0            2.50           3400.0  900000.0  2.50  225851.3750
18    859900.0           4.0            2.75           3390.0  859900.0  2.75  215824.1875
19    595000.0           3.0            2.50           3370.0  595000.0  2.50  149593.8750
20    879000.0           4.0            2.50           3360.0  879000.0  2.50  220591.6250
21    455000.0           4.0            2.50           3360.0  455000.0  2.50  114591.6250
22    910000.0           4.0            2.50           3350.0  910000.0  2.50  228339.1250
23    971000.0           5.0            3.50           4390.0  971000.0  3.50  243849.6250
24    927000.0           4.0            2.75           3300.0  927000.0  2.75  232576.6875
25    785000.0           4.0            2.50           3300.0  785000.0  2.50  197076.6250
26    530000.0           3.0            2.50           3660.0  530000.0  2.50  133416.3750
27    480000.0           4.0            2.25           3250.0  480000.0  2.25  120814.0625
28    951000.0           5.0            3.25           3250.0  951000.0  3.25  238564.5625
29    730000.0           4.0            2.50           3230.0  730000.0  2.50  183309.1250
30    737500.0           4.0            2.50           3200.0  737500.0  2.50  185176.6250
31    720000.0           4.0            4.00           3200.0  720000.0  4.00  180802.0000
32    609900.0           4.0            2.50           3190.0  609900.0  2.50  153274.1250
33    890000.0           4.0            3.25           3180.0  890000.0  3.25  223296.8125
34    900000.0           3.0            2.50           3180.0  900000.0  2.50  225796.3750
35    650000.0           4.0            2.50           3180.0  650000.0  2.50  163296.6250
36    488000.0           3.0            2.50           3160.0  488000.0  2.50  122791.3750
37    819900.0           5.0            2.75           3150.0  819900.0  2.75  205764.4375
38    680000.0           4.0            2.50           3140.0  680000.0  2.50  170786.6250
39    851000.0           4.0            2.50           3130.0  851000.0  2.50  213534.1250
40    843000.0           3.0            2.50           3130.0  843000.0  2.50  211533.8750
41    860000.0           3.0            2.25           3060.0  860000.0  2.25  215766.3125
42    650000.0           4.0            2.50           3040.0  650000.0  2.50  163261.6250
43    274975.0           3.0            2.50           3030.0  274975.0  2.50   69502.6250
44    950000.0           3.0            3.00           4040.0  950000.0  3.00  238511.5000
45    740000.0           3.0            2.50           3000.0  740000.0  2.50  185751.3750
46    632925.0           3.0            2.50           2990.0  632925.0  2.50  158980.1250
47    725000.0           4.0            2.50           2990.0  725000.0  2.50  181999.1250
48    625000.0           5.0            2.50           2990.0  625000.0  2.50  156999.3750
49    673000.0           4.0            2.50           2990.0  673000.0  2.50  168999.1250
50    849950.0           3.0            3.00           2990.0  849950.0  3.00  213236.5000
51    802541.0           5.0            2.75           2990.0  802541.0  2.75  201384.6875
52    560000.0           4.0            2.50           2940.0  560000.0  2.50  140736.6250
53    770000.0           3.0            2.25           2910.0  770000.0  2.25  193228.8125
54    395000.0           4.0            2.50           2910.0  395000.0  2.50   99479.1250
55    690000.0           4.0            2.50           2900.0  690000.0  2.50  173226.6250
56    880000.0           3.0            2.50           2870.0  880000.0  2.50  220718.8750
57    770000.0           4.0            2.75           3820.0  770000.0  2.75  193456.6875
58    840000.0           4.0            3.50           2840.0  840000.0  3.50  210711.8750
59    405600.0           5.0            1.50           2830.0  405600.0  1.50  102109.1250
60    551000.0           3.0            2.50           2830.0  551000.0  2.50  138458.8750
61    885000.0           4.0            2.50           2830.0  885000.0  2.50  221959.1250
62    675000.0           4.0            2.50           2810.0  675000.0  2.50  169454.1250
63    699900.0           4.0            2.75           2810.0  699900.0  2.75  175679.1875
64    765000.0           4.0            2.75           2790.0  765000.0  2.75  191949.1875
65    378000.0           4.0            2.50           2790.0  378000.0  2.50   95199.1250
66    740500.0           3.0            3.50           4380.0  740500.0  3.00  186221.6250
67    380000.0           5.0            2.50           2760.0  380000.0  2.50   95691.8750
68    686000.0           4.0            2.50           2760.0  686000.0  2.50  172191.6250
69    682000.0           5.0            2.75           2760.0  682000.0  2.75  171191.9375
70    750000.0           6.0            1.75           2750.0  750000.0  1.75  188189.4375
71    630000.0           4.0            2.50           2740.0  630000.0  2.50  158186.6250
72    363000.0           3.0            2.50           2740.0  363000.0  2.50   91436.3750
73    507000.0           4.0            2.50           2730.0  507000.0  2.50  127434.1250
74    374950.0           4.0            2.75           2730.0  374950.0  2.75   94421.6875
75    975000.0           4.0            2.50           2720.0  975000.0  2.50  244431.6250
76    370000.0           4.0            2.50           2720.0  370000.0  2.50   93181.6250
77    619000.0           3.0            2.50           2720.0  619000.0  2.50  155431.3750
78    465000.0           3.0            2.50           2714.0  465000.0  2.50  116929.8750
79    370000.0           4.0            2.50           2710.0  370000.0  2.50   93179.1250
80    660000.0           3.0            2.50           2680.0  660000.0  2.50  165671.3750
81    320000.0           3.0            2.50           2680.0  320000.0  2.50   80671.3750
82    807100.0           4.0            2.50           2680.0  807100.0  2.50  202446.6250
83    550000.0           4.0            3.00           2670.0  550000.0  3.00  138169.2500
84    379000.0           3.0            3.25           2660.0  379000.0  3.00   95416.5625
85    452000.0           6.0            2.25           2660.0  452000.0  2.25  113667.0625
86    730000.0           6.0            2.25           2660.0  730000.0  2.25  183167.0625
87    305000.0           5.0            2.25           2660.0  305000.0  2.25   76916.8125
88    365000.0           3.0            2.50           2653.0  365000.0  2.50   91914.6250
89    446500.0           3.0            2.50           2650.0  446500.0  2.50  112288.8750
90    429900.0           4.0            2.50           2640.0  429900.0  2.50  108136.6250
91    655000.0           4.0            2.50           2630.0  655000.0  2.50  164409.1250
92    605000.0           4.0            2.50           2620.0  605000.0  2.50  151906.6250
93    648000.0           4.0            2.50           2620.0  648000.0  2.50  162656.6250
94    659000.0           4.0            2.25           2610.0  659000.0  2.25  165404.0625
95    480000.0           4.0            2.50           2600.0  480000.0  2.50  120651.6250
96    581000.0           3.0            2.50           2600.0  581000.0  2.50  145901.3750
97    775000.0           4.0            2.25           4220.0  775000.0  2.25  194806.5625
98    673000.0           4.0            2.25           2590.0  673000.0  2.25  168899.0625
99    799000.0           4.0            3.00           2580.0  799000.0  3.00  200396.7500
100   552250.0           4.0            2.50           2580.0  552250.0  2.50  138709.1250
101   917500.0           4.0            2.50           3880.0  917500.0  2.50  230346.6250
102   348000.0           3.0            2.25           2570.0  348000.0  2.25   87643.8125
103   719000.0           4.0            2.50           2570.0  719000.0  2.50  180394.1250
104   625000.0           4.0            2.50           2570.0  625000.0  2.50  156894.1250
105   800000.0           4.0            2.50           2570.0  800000.0  2.50  200644.1250
106   485000.0           4.0            1.75           2560.0  485000.0  1.75  121891.4375
107   839900.0           4.0            3.50           3810.0  839900.0  3.50  210929.3750
108   650000.0           5.0            2.75           2550.0  650000.0  2.75  163139.4375
109   695000.0           3.0            2.75           2540.0  695000.0  2.75  174386.4375
110   480000.0           4.0            2.50           3230.0  480000.0  2.50  120809.1250
111   505000.0           3.0            1.75           2519.0  505000.0  1.75  126880.9375
112   799000.0           4.0            2.25           2510.0  799000.0  2.25  200379.0625
113   650000.0           5.0            3.50           3960.0  650000.0  3.50  163492.1250
114   662000.0           3.0            1.75           2500.0  662000.0  1.75  166126.1875
115   940000.0           4.0            2.00           2490.0  940000.0  2.00  235624.0000
116   910000.0           3.0            3.50           2480.0  910000.0  3.00  228121.6250
117   332000.0           4.0            2.50           2470.0  332000.0  2.50   83619.1250
118   359900.0           4.0            2.25           2470.0  359900.0  2.25   90594.0625
119   693000.0           4.0            2.50           2460.0  693000.0  2.50  173866.6250
120   784000.0           3.0            3.50           3950.0  784000.0  3.00  196989.1250
121   329000.0           3.0            2.25           2450.0  329000.0  2.25   82863.8125
122   525000.0           4.0            2.50           2450.0  525000.0  2.50  131864.1250
123   565000.0           4.0            2.50           2440.0  565000.0  2.50  141861.6250
124   589000.0           4.0            3.00           2440.0  589000.0  3.00  147861.7500
125   335000.0           3.0            2.50           2440.0  335000.0  2.50   84361.3750
126   677900.0           3.0            2.50           2440.0  677900.0  2.50  170086.3750
127   369950.0           3.0            1.00           2430.0  369950.0  1.00   93096.0000
128   430000.0           2.0            2.50           2420.0  430000.0  2.00  108106.1250
129   684000.0           4.0            3.50           3040.0  684000.0  3.50  171761.8750
130   301000.0           3.0            2.50           2420.0  301000.0  2.50   75856.3750
131   399950.0           4.0            2.00           2420.0  399950.0  2.00  100594.0000
132   590000.0           4.0            3.50           3100.0  590000.0  3.50  148276.8750
133   327000.0           5.0            2.75           2400.0  327000.0  2.75   82351.9375
134   750000.0           3.0            2.50           2400.0  750000.0  2.50  188101.3750
135   856600.0           4.0            2.25           2400.0  856600.0  2.25  214751.5625
136   832500.0           4.0            4.00           3430.0  832500.0  4.00  208984.5000
137   359500.0           4.0            2.25           2390.0  359500.0  2.25   90474.0625
138   339000.0           4.0            1.50           2390.0  339000.0  1.50   85348.8750
139   905000.0           4.0            2.50           3300.0  905000.0  2.50  227076.6250
140   669950.0           5.0            2.50           2820.0  669950.0  2.50  168194.3750
141   782000.0           4.0            2.50           2380.0  782000.0  2.50  196096.6250
142   360000.0           4.0            2.50           2380.0  360000.0  2.50   90596.6250
143   699800.0           2.0            2.50           2380.0  699800.0  2.00  175546.1250
144   890000.0           4.0            1.00           2550.0  890000.0  1.00  223138.7500
145   405000.0           3.0            2.50           3170.0  405000.0  2.50  102043.8750
146   752500.0           4.0            2.25           2360.0  752500.0  2.25  188716.5625
147   430000.0           3.0            2.50           2360.0  430000.0  2.50  108091.3750
148   640000.0           4.0            2.00           2360.0  640000.0  2.00  160591.5000
149   390000.0           3.0            2.50           2350.0  390000.0  2.50   98088.8750
150   472000.0           6.0            2.50           4410.0  472000.0  2.50  119104.6250
151   905000.0           4.0            3.50           2970.0  905000.0  3.50  226994.3750
152   390000.0           4.0            2.50           2340.0  390000.0  2.50   98086.6250
153   404950.0           4.0            2.25           2340.0  404950.0  2.25  101824.0625
154   527000.0           4.0            2.25           2330.0  527000.0  2.25  132334.0625
155   437500.0           3.0            2.50           2320.0  437500.0  2.50  109956.3750
156   530000.0           4.0            2.50           2320.0  530000.0  2.50  133081.6250
157   580500.0           3.0            2.50           2320.0  580500.0  2.50  145706.3750
158   597750.0           4.0            2.50           2310.0  597750.0  2.50  150016.6250
159   330000.0           3.0            2.25           2300.0  330000.0  2.25   83076.3125
160   785000.0           4.0            2.50           2290.0  785000.0  2.50  196824.1250
161   328500.0           4.0            3.00           2290.0  328500.0  3.00   82699.2500
162   450000.0           3.0            2.00           2290.0  450000.0  2.00  113073.7500
163   380000.0           3.0            2.50           2280.0  380000.0  2.50   95571.3750
164   500000.0           4.0            2.75           2280.0  500000.0  2.75  125571.6875
165   580000.0           4.0            3.00           3280.0  580000.0  3.00  145821.7500
166   855000.0           4.0            2.75           2270.0  855000.0  2.75  214319.1875
167   285000.0           5.0            2.50           2270.0  285000.0  2.50   71819.3750
168   318888.0           4.0            1.75           2320.0  318888.0  1.75   80303.4375
169   496500.0           3.0            2.50           2260.0  496500.0  2.50  124691.3750
170   538000.0           3.0            2.50           2250.0  538000.0  2.50  135063.8750
171   445838.0           3.0            2.50           2250.0  445838.0  2.50  112023.3750
172   292500.0           4.0            2.50           2250.0  292500.0  2.50   73689.1250
173   571000.0           4.0            2.00           2750.0  571000.0  2.00  143439.0000
174   279000.0           6.0            1.75           2240.0  279000.0  1.75   70311.9375
175   980000.0           4.0            2.25           2240.0  980000.0  2.25  245561.5625
176   287000.0           4.0            2.50           2240.0  287000.0  2.50   72311.6250
177   592500.0           4.0            2.50           2240.0  592500.0  2.50  148686.6250
178   625000.0           4.0            2.25           2220.0  625000.0  2.25  156806.5625
179   665000.0           4.0            2.75           3320.0  665000.0  2.75  167081.6875
180   360000.0           4.0            2.50           2210.0  360000.0  2.50   90554.1250
181   639000.0           4.0            2.50           2210.0  639000.0  2.50  160304.1250
182   455000.0           4.0            2.50           2210.0  455000.0  2.50  114304.1250
183   650000.0           4.0            2.00           2208.0  650000.0  2.00  163053.5000
184   365000.0           3.0            2.50           2200.0  365000.0  2.50   91801.3750
185   699950.0           3.0            2.25           2190.0  699950.0  2.25  175536.3125
186   310000.0           5.0            1.75           2190.0  310000.0  1.75   78049.1875
187   628000.0           3.0            1.75           4000.0  628000.0  1.75  158001.1875
188   610750.0           4.0            2.25           2180.0  610750.0  2.25  153234.0625
189   538000.0           3.0            2.25           2570.0  538000.0  2.25  135143.8125
190   449950.0           3.0            2.50           2170.0  449950.0  2.50  113031.3750
191   360000.0           4.0            2.50           2160.0  360000.0  2.50   90541.6250
192   347500.0           4.0            2.50           2156.0  347500.0  2.50   87415.6250
193   465000.0           3.0            2.50           2150.0  465000.0  2.50  116788.8750
194   419000.0           4.0            1.50           2150.0  419000.0  1.50  105288.8750
195   360000.0           4.0            1.75           3730.0  360000.0  1.75   90933.9375
196   675000.0           4.0            3.50           2140.0  675000.0  3.50  169286.8750
197   835000.0           4.0            2.75           3130.0  835000.0  2.75  209534.1875
198   799000.0           3.0            2.50           2140.0  799000.0  2.50  200286.3750
199   389000.0           4.0            2.25           2130.0  389000.0  2.25   97784.0625
200   920000.0           5.0            2.25           2730.0  920000.0  2.25  230684.3125
201   650000.0           3.0            2.50           2690.0  650000.0  2.50  163173.8750
202   375000.0           3.0            2.25           2120.0  375000.0  2.25   94281.3125
203   403950.0           4.0            2.50           2120.0  403950.0  2.50  101519.1250
204   437500.0           3.0            2.50           2120.0  437500.0  2.50  109906.3750
205   290000.0           5.0            1.50           2120.0  290000.0  1.50   73031.6250
206   530000.0           3.0            2.25           2120.0  530000.0  2.25  133031.3125
207   550000.0           3.0            2.00           2380.0  550000.0  2.00  138096.2500
208   370000.0           3.0            2.25           2110.0  370000.0  2.25   93028.8125
209   470000.0           3.0            2.50           2100.0  470000.0  2.50  118026.3750
210   740000.0           3.0            2.00           2100.0  740000.0  2.00  185526.2500
211   323000.0           3.0            1.75           2100.0  323000.0  1.75   81276.1875
212   469000.0           4.0            2.75           3550.0  469000.0  2.75  118139.1875
213   403000.0           3.0            2.75           2090.0  403000.0  2.75  101273.9375
214   460000.0           4.0            2.00           2090.0  460000.0  2.00  115524.0000
215   196000.0           3.0            2.25           2070.0  196000.0  2.25   49518.8125
216   365000.0           4.0            2.25           2070.0  365000.0  2.25   91769.0625
217   430000.0           4.0            2.50           2070.0  430000.0  2.50  108019.1250
218   560000.0           3.0            2.25           2060.0  560000.0  2.25  140516.3125
219   439000.0           4.0            2.25           2060.0  439000.0  2.25  110266.5625
220   640000.0           4.0            1.75           2060.0  640000.0  1.75  160516.4375
221   331500.0           4.0            2.50           2050.0  331500.0  2.50   83389.1250
222   280000.0           4.0            2.50           2050.0  280000.0  2.50   70514.1250
223   740000.0           4.0            2.00           2050.0  740000.0  2.00  185514.0000
224   314500.0           3.0            2.00           2050.0  314500.0  2.00   79138.7500
225   208633.0           3.0            2.50           2040.0  208633.0  2.50   52669.6250
226   520000.0           3.0            2.25           2030.0  520000.0  2.25  130508.8125
227   470000.0           5.0            1.75           2030.0  470000.0  1.75  118009.1875
228   310950.0           4.0            2.50           2030.0  310950.0  2.50   78246.6250
229   942500.0           5.0            3.50           3750.0  942500.0  3.50  236564.6250
230   720000.0           3.0            2.50           2020.0  720000.0  2.50  180506.3750
231   328000.0           3.0            2.25           2020.0  328000.0  2.25   82506.3125
232   595000.0           4.0            2.00           2020.0  595000.0  2.00  149256.5000
233   565000.0           4.0            3.00           2020.0  565000.0  3.00  141756.7500
234   250000.0           4.0            2.00           2010.0  250000.0  2.00   63004.0000
235   456500.0           4.0            3.50           2000.0  456500.0  3.50  114626.8750
236   577500.0           3.0            2.50           2000.0  577500.0  2.50  144876.3750
237   715000.0           4.0            1.00           2000.0  715000.0  1.00  179251.2500
238   243500.0           4.0            2.50           1980.0  243500.0  2.50   61371.6250
239   461000.0           3.0            3.25           2770.0  461000.0  3.00  115944.0625
240   679900.0           3.0            2.50           2440.0  679900.0  2.50  170586.3750
241   650000.0           4.0            3.00           2950.0  650000.0  3.00  163239.2500
242   490000.0           3.0            2.75           1980.0  490000.0  2.75  122996.4375
243   700000.0           4.0            1.00           1980.0  700000.0  1.00  175496.2500
244   834000.0           4.0            2.50           2370.0  834000.0  2.50  209094.1250
245   595000.0           5.0            2.75           3740.0  595000.0  2.75  149686.9375
246   346900.0           4.0            2.50           1970.0  346900.0  2.50   87219.1250
247   748000.0           4.0            3.50           2770.0  748000.0  3.50  187694.3750
248   308000.0           4.0            2.25           1960.0  308000.0  2.25   77491.5625
249   260000.0           4.0            2.50           1960.0  260000.0  2.50   65491.6250
250   640000.0           3.0            2.50           2160.0  640000.0  2.50  160541.3750
251   247500.0           3.0            1.75           1960.0  247500.0  1.75   62366.1875
252   328500.0           3.0            2.50           1950.0  328500.0  2.50   82613.8750
253   290000.0           3.0            1.50           1950.0  290000.0  1.50   72988.6250
254   361000.0           3.0            2.00           1950.0  361000.0  2.00   90738.7500
255   297000.0           3.0            2.50           1940.0  297000.0  2.50   74736.3750
256   480000.0           3.0            2.50           1940.0  480000.0  2.50  120486.3750
257   465250.0           5.0            2.00           1940.0  465250.0  2.00  116799.2500
258   365000.0           4.0            2.00           1940.0  365000.0  2.00   91736.5000
259   364950.0           4.0            2.50           1930.0  364950.0  2.50   91721.6250
260   533600.0           3.0            2.50           1930.0  533600.0  2.50  133883.8750
261   390000.0           3.0            2.50           1930.0  390000.0  2.50   97983.8750
262   342000.0           3.0            2.00           1930.0  342000.0  2.00   85983.7500
263   218000.0           5.0            1.75           1930.0  218000.0  1.75   54984.1875
264   260000.0           3.0            2.50           1920.0  260000.0  2.50   65481.3750
265   324000.0           3.0            2.50           1920.0  324000.0  2.50   81481.3750
266   340500.0           3.0            2.00           2270.0  340500.0  2.00   85693.7500
267   400000.0           3.0            1.75           1920.0  400000.0  1.75  100481.1875
268   440000.0           3.0            2.50           1910.0  440000.0  2.50  110478.8750
269   300000.0           4.0            2.50           1910.0  300000.0  2.50   75479.1250
270   785000.0           4.0            2.75           2440.0  785000.0  2.75  196861.6875
271   560000.0           3.0            2.50           1900.0  560000.0  2.50  140476.3750
272   360000.0           4.0            2.50           1900.0  360000.0  2.50   90476.6250
273   535800.0           4.0            2.50           1900.0  535800.0  2.50  134426.6250
274   940000.0           3.0            1.50           2140.0  940000.0  1.50  235536.1250
275   270000.0           4.0            2.25           1900.0  270000.0  2.25   67976.5625
276   389999.0           4.0            2.50           1890.0  389999.0  2.50   97973.8750
277   395000.0           3.0            2.00           1890.0  395000.0  2.00   99223.7500
278   880000.0           4.0            3.50           2800.0  880000.0  3.50  220701.8750
279   323000.0           3.0            2.50           1890.0  323000.0  2.50   81223.8750
280   520000.0           4.0            2.25           1890.0  520000.0  2.25  130474.0625
281   485000.0           3.0            2.50           1880.0  485000.0  2.50  121721.3750
282   811000.0           3.0            1.75           1870.0  811000.0  1.75  203218.6875
283   291000.0           4.0            2.50           1860.0  291000.0  2.50   73216.6250
284   355000.0           3.0            2.25           1860.0  355000.0  2.25   89216.3125
285   662500.0           3.0            2.50           3560.0  662500.0  2.50  166516.3750
286   559900.0           3.0            2.75           2930.0  559900.0  2.75  140708.9375
287   430000.0           4.0            3.00           1850.0  430000.0  3.00  107964.2500
288   325000.0           4.0            2.50           1850.0  325000.0  2.50   81714.1250
289   467000.0           5.0            2.25           2500.0  467000.0  2.25  117376.8125
290   289000.0           3.0            2.00           1850.0  289000.0  2.00   72713.7500
291   465000.0           3.0            2.00           1840.0  465000.0  2.00  116711.2500
292   360000.0           4.0            2.50           1840.0  360000.0  2.50   90461.6250
293   730000.0           4.0            2.25           2190.0  730000.0  2.25  183049.0625
294   435000.0           3.0            2.50           1840.0  435000.0  2.50  109211.3750
295   915000.0           5.0            2.50           2750.0  915000.0  2.50  229439.3750
296   338900.0           4.0            2.50           1830.0  338900.0  2.50   85184.1250
297   329500.0           4.0            2.50           1820.0  329500.0  2.50   82831.6250
298   322500.0           4.0            2.50           1820.0  322500.0  2.50   81081.6250
299   265000.0           3.0            1.75           1820.0  265000.0  1.75   66706.1875
300   264000.0           3.0            1.50           1820.0  264000.0  1.50   66456.1250
301   342500.0           3.0            2.50           1810.0  342500.0  2.50   86078.8750
302   530000.0           5.0            2.00           1810.0  530000.0  2.00  132954.2500
303   295000.0           3.0            2.00           1810.0  295000.0  2.00   74203.7500
304   266000.0           3.0            2.50           1805.0  266000.0  2.50   66952.6250
305   408200.0           3.0            2.50           1800.0  408200.0  2.50  102501.3750
306   865000.0           4.0            1.75           1800.0  865000.0  1.75  216701.4375
307   450000.0           4.0            2.75           2980.0  450000.0  2.75  113246.6875
308   225000.0           4.0            2.25           1800.0  225000.0  2.25   56701.5625
309   451000.0           3.0            1.75           1790.0  451000.0  1.75  113198.6875
310   370500.0           4.0            2.50           1790.0  370500.0  2.50   93074.1250
311   350000.0           3.0            2.25           1780.0  350000.0  2.25   87946.3125
312   296000.0           4.0            2.50           1780.0  296000.0  2.50   74446.6250
313   700000.0           5.0            3.25           2400.0  700000.0  3.25  175602.0625
314   325000.0           3.0            2.25           2220.0  325000.0  2.25   81806.3125
315   980000.0           5.0            2.50           3160.0  980000.0  2.50  245791.8750
316   590000.0           4.0            2.75           2910.0  590000.0  2.75  148229.1875
317   438000.0           3.0            1.75           1780.0  438000.0  1.75  109946.1875
318   630000.0           4.0            1.75           2950.0  630000.0  1.75  158238.9375
319   315000.0           6.0            2.75           2940.0  315000.0  2.75   79487.1875
320   705000.0           3.0            3.00           1970.0  705000.0  3.00  176744.0000
321   636000.0           3.0            2.50           2140.0  636000.0  2.50  159536.3750
322   317625.0           3.0            2.75           2770.0  317625.0  2.75   80100.1875
323   578000.0           4.0            2.50           3140.0  578000.0  2.50  145286.6250
324   420000.0           2.0            2.75           1760.0  420000.0  2.00  105441.1875
325   442000.0           5.0            3.00           2560.0  442000.0  3.00  111142.0000
326   320000.0           4.0            1.75           1760.0  320000.0  1.75   80441.4375
327   437000.0           3.0            2.50           1750.0  437000.0  2.50  109688.8750
328   324000.0           3.0            2.50           1750.0  324000.0  2.50   81438.8750
329   413000.0           4.0            3.50           2380.0  413000.0  3.50  103846.8750
330   420000.0           3.0            1.50           2390.0  420000.0  1.50  105598.6250
331   937000.0           3.0            1.75           2450.0  937000.0  1.75  234863.6875
332   420000.0           4.0            1.00           1750.0  420000.0  1.00  105438.7500
333   450000.0           4.0            1.75           2390.0  450000.0  1.75  113098.9375
334   330000.0           3.0            3.00           2420.0  330000.0  3.00   83106.5000
335   245000.0           3.0            1.75           1740.0  245000.0  1.75   61686.1875
336   718000.0           5.0            3.00           3070.0  718000.0  3.00  180269.5000
337   710000.0           4.0            2.00           1740.0  710000.0  2.00  177936.5000
338   245000.0           3.0            2.50           1730.0  245000.0  2.50   61683.8750
339   269950.0           3.0            2.50           1890.0  269950.0  2.50   67961.3750
340   480000.0           4.0            2.00           2180.0  480000.0  2.00  120546.5000
341   265000.0           3.0            2.50           1720.0  265000.0  2.50   66681.3750
342   477000.0           4.0            2.75           1720.0  477000.0  2.75  119681.6875
343   822500.0           5.0            3.50           2320.0  822500.0  3.50  206207.1250
344   891000.0           4.0            2.00           2330.0  891000.0  2.00  223334.0000
345   445000.0           4.0            1.75           2100.0  445000.0  1.75  111776.4375
346   487000.0           3.0            2.00           2590.0  487000.0  2.00  122398.7500
347   257500.0           3.0            2.25           1715.0  257500.0  2.25   64805.0625
348   725000.0           4.0            2.00           2110.0  725000.0  2.00  181779.0000
349   524250.0           3.0            2.50           1710.0  524250.0  2.50  131491.3750
350   431650.0           5.0            2.50           1710.0  431650.0  2.50  108341.8750
351   233000.0           3.0            2.00           1710.0  233000.0  2.00   58678.7500
352   691100.0           3.0            2.75           2360.0  691100.0  2.75  173366.4375
353   290000.0           4.0            2.50           1700.0  290000.0  2.50   72926.6250
354   210000.0           3.0            1.00           1700.0  210000.0  1.00   52926.0000
355   256883.0           3.0            2.50           1690.0  256883.0  2.50   64644.6250
356   500000.0           3.0            2.25           1690.0  500000.0  2.25  125423.8125
357   235000.0           4.0            1.50           1690.0  235000.0  1.50   59173.8750
358   347000.0           3.0            2.50           1680.0  347000.0  2.50   87171.3750
359   545000.0           3.0            1.75           1680.0  545000.0  1.75  136671.1875
360   470000.0           4.0            3.00           2380.0  470000.0  3.00  118096.7500
361   356000.0           3.0            1.50           1680.0  356000.0  1.50   89421.1250
362   510000.0           3.0            2.00           1680.0  510000.0  2.00  127921.2500
363   370000.0           3.0            2.00           1680.0  370000.0  2.00   92921.2500
364   289950.0           3.0            2.50           1670.0  289950.0  2.50   72906.3750
365   260000.0           3.0            2.50           1670.0  260000.0  2.50   65418.8750
366   484950.0           3.0            2.25           1670.0  484950.0  2.25  121656.3125
367   410000.0           4.0            1.00           1970.0  410000.0  1.00  102993.7500
368   469500.0           5.0            2.50           2970.0  469500.0  2.50  118119.3750
369   280000.0           3.0            1.50           1670.0  280000.0  1.50   70418.6250
370   227950.0           3.0            1.50           1670.0  227950.0  1.50   57406.1250
371   272000.0           3.0            1.75           2160.0  272000.0  1.75   68541.1875
372   507000.0           2.0            1.75           1670.0  507000.0  1.75  127168.4375
373   559950.0           3.0            2.50           1660.0  559950.0  2.50  140403.8750
374   342000.0           3.0            1.75           1660.0  342000.0  1.75   85916.1875
375   201000.0           5.0            1.75           1660.0  201000.0  1.75   50666.6875
376   585000.0           4.0            2.50           2160.0  585000.0  2.50  146791.6250
377   314950.0           3.0            2.25           1654.0  314950.0  2.25   79152.3125
378   463000.0           3.0            2.50           1640.0  463000.0  2.50  116161.3750
379   475000.0           3.0            2.50           1640.0  475000.0  2.50  119161.3750
380   416000.0           3.0            2.00           2220.0  416000.0  2.00  104556.2500
381   352000.0           3.0            2.25           1640.0  352000.0  2.25   88411.3125
382   795000.0           5.0            2.50           3040.0  795000.0  2.50  199511.8750
383   345000.0           5.0            2.50           3150.0  345000.0  2.50   87039.3750
384   422120.0           3.0            2.50           1630.0  422120.0  2.50  105938.8750
385   664000.0           4.0            2.75           2510.0  664000.0  2.75  166629.1875
386   840000.0           4.0            1.75           2480.0  840000.0  1.75  210621.4375
387   428750.0           3.0            1.00           1620.0  428750.0  1.00  107593.5000
388   475000.0           3.0            1.50           2480.0  475000.0  1.50  119371.1250
389   445000.0           3.0            2.25           2100.0  445000.0  2.25  111776.3125
390   320000.0           4.0            2.75           2640.0  320000.0  2.75   80661.6875
391   290900.0           2.0            2.00           1610.0  290900.0  2.00   73128.5000
392   358000.0           3.0            2.25           1610.0  358000.0  2.25   89903.8125
393   290000.0           3.0            2.50           1610.0  290000.0  2.50   72903.8750
394   215000.0           2.0            2.25           1610.0  215000.0  2.00   54153.5625
395   535000.0           4.0            1.00           1610.0  535000.0  1.00  134153.7500
396   563500.0           4.0            1.75           2085.0  563500.0  1.75  141397.6875
397   700000.0           5.0            2.50           2830.0  700000.0  2.50  175709.3750
398   299000.0           3.0            2.75           3080.0  299000.0  2.75   75521.4375
399   304900.0           4.0            1.75           2600.0  304900.0  1.75   76876.4375
400   653000.0           3.0            2.50           2680.0  653000.0  2.50  163921.3750
401   405300.0           3.0            2.75           2390.0  405300.0  2.75  101923.9375
402   330000.0           3.0            2.50           1600.0  330000.0  2.50   82901.3750
403   464000.0           6.0            3.00           2300.0  464000.0  3.00  116577.2500
404   485000.0           4.0            1.00           1600.0  485000.0  1.00  121651.2500
405   615000.0           4.0            2.25           2500.0  615000.0  2.25  154376.5625
406   625000.0           3.0            1.75           1600.0  625000.0  1.75  156651.1875
407   426700.0           3.0            1.75           2080.0  426700.0  1.75  107196.1875
408   518500.0           3.0            3.50           1590.0  518500.0  3.00  130024.1250
409   199950.0           2.0            2.75           1590.0  199950.0  2.00   50386.1875
410   365000.0           4.0            1.00           1590.0  365000.0  1.00   91648.7500
411   650000.0           3.0            2.25           2150.0  650000.0  2.25  163038.8125
412   790000.0           3.0            2.25           2370.0  790000.0  2.25  198093.8125
413   308000.0           3.0            1.00           1980.0  308000.0  1.00   77496.0000
414   350000.0           3.0            2.25           1580.0  350000.0  2.25   87896.3125
415   560000.0           4.0            2.25           2550.0  560000.0  2.25  140639.0625
416   585000.0           4.0            1.75           2430.0  585000.0  1.75  146858.9375
417   685000.0           3.0            1.00           1570.0  685000.0  1.00  171643.5000
418   171800.0           4.0            2.00           1570.0  171800.0  2.00   43344.0000
419   452000.0           4.0            1.75           1570.0  452000.0  1.75  113393.9375
420   278500.0           3.0            2.00           1570.0  278500.0  2.00   70018.7500
421   280000.0           4.0            2.50           1560.0  280000.0  2.50   70391.6250
422   284000.0           3.0            1.75           1560.0  284000.0  1.75   71391.1875
423   315000.0           4.0            2.75           2300.0  315000.0  2.75   79326.6875
424   283000.0           4.0            2.75           2130.0  283000.0  2.75   71284.1875
425   660000.0           3.0            2.50           2400.0  660000.0  2.50  165601.3750
426   268000.0           3.0            2.50           1550.0  268000.0  2.50   67388.8750
427   320000.0           4.0            2.25           1550.0  320000.0  2.25   80389.0625
428   385200.0           4.0            1.00           1550.0  385200.0  1.00   96688.7500
429   345000.0           4.0            1.00           1550.0  345000.0  1.00   86638.7500
430   521000.0           4.0            1.75           2020.0  521000.0  1.75  130756.4375
431   496500.0           4.0            2.50           2250.0  496500.0  2.50  124689.1250
432   527700.0           5.0            2.50           2820.0  527700.0  2.50  132631.8750
433   350000.0           5.0            3.00           2520.0  350000.0  3.00   88132.0000
434   549000.0           3.0            1.75           1540.0  549000.0  1.75  137636.1875
435   315000.0           3.0            2.25           1540.0  315000.0  2.25   79136.3125
436   578000.0           3.0            1.75           2120.0  578000.0  1.75  145031.1875
437   729500.0           3.0            2.50           1660.0  729500.0  2.50  182791.3750
438   269900.0           4.0            1.75           1530.0  269900.0  1.75   67858.9375
439   730000.0           2.0            2.25           2130.0  730000.0  2.00  183033.5625
440   664000.0           4.0            2.00           1530.0  664000.0  2.00  166384.0000
441   671500.0           5.0            2.75           2160.0  671500.0  2.75  168416.9375
442   570000.0           3.0            1.75           2910.0  570000.0  1.75  143228.6875
443   147500.0           3.0            1.00           1530.0  147500.0  1.00   37258.5000
444   440000.0           3.0            1.75           1530.0  440000.0  1.75  110383.6875
445   425000.0           3.0            1.00           1520.0  425000.0  1.00  106631.0000
446   210000.0           4.0            2.00           1520.0  210000.0  2.00   52881.5000
447   515000.0           5.0            3.00           2530.0  515000.0  3.00  129384.5000
448   415000.0           3.0            2.25           1510.0  415000.0  2.25  104128.8125
449   230000.0           3.0            2.00           1510.0  230000.0  2.00   57878.7500
450   687500.0           4.0            1.75           2330.0  687500.0  1.75  172458.9375
451   791500.0           4.0            2.00           1510.0  791500.0  2.00  198254.0000
452   825000.0           3.0            1.75           2010.0  825000.0  1.75  206753.6875
453   696000.0           3.0            2.50           2300.0  696000.0  2.50  174576.3750
454   330000.0           3.0            1.75           1510.0  330000.0  1.75   82878.6875
455   240000.0           3.0            1.75           1510.0  240000.0  1.75   60378.6875
456   479950.0           2.0            2.00           1510.0  479950.0  2.00  120366.0000
457   457500.0           3.0            2.50           1500.0  457500.0  2.50  114751.3750
458   399000.0           4.0            1.00           1500.0  399000.0  1.00  100126.2500
459   396000.0           3.0            1.00           1500.0  396000.0  1.00   99376.0000
460   530000.0           5.0            2.25           2720.0  530000.0  2.25  133181.8125
461   545000.0           5.0            2.50           2520.0  545000.0  2.50  136881.8750
462   550000.0           5.0            2.75           2160.0  550000.0  2.75  138041.9375
463   525000.0           3.0            2.25           1490.0  525000.0  2.25  131623.8125
464   237000.0           3.0            2.50           1490.0  237000.0  2.50   59623.8750
465   325000.0           3.0            1.00           1490.0  325000.0  1.00   81623.5000
466   570000.0           4.0            3.00           1490.0  570000.0  3.00  142874.2500
467   253000.0           3.0            2.00           1490.0  253000.0  2.00   63623.7500
468   310000.0           3.0            1.75           1490.0  310000.0  1.75   77873.6875
469   516500.0           3.0            2.50           1480.0  516500.0  2.50  129496.3750
470   465000.0           3.0            1.75           1480.0  465000.0  1.75  116621.1875
471   337000.0           3.0            2.50           1470.0  337000.0  2.50   84618.8750
472   760000.0           4.0            2.50           2430.0  760000.0  2.50  190609.1250
473   780000.0           3.0            1.00           1660.0  780000.0  1.00  195416.0000
474   550000.0           4.0            1.75           2480.0  550000.0  1.75  138121.4375
475   795000.0           3.0            2.00           2920.0  795000.0  2.00  199481.2500
476   375000.0           3.0            2.50           2340.0  375000.0  2.50   94336.3750
477   295000.0           4.0            2.50           2160.0  295000.0  2.50   74291.6250
478   297000.0           3.0            2.25           1450.0  297000.0  2.25   74613.8125
479   435500.0           3.0            2.25           1450.0  435500.0  2.25  109238.8125
480   243000.0           3.0            1.75           1450.0  243000.0  1.75   61113.6875
481   800000.0           3.0            2.25           2380.0  800000.0  2.25  200596.3125
482   230000.0           3.0            2.00           1450.0  230000.0  2.00   57863.7500
483   675000.0           5.0            2.25           2900.0  675000.0  2.25  169476.8125
484   391500.0           3.0            2.00           1450.0  391500.0  2.00   98238.7500
485   254000.0           3.0            2.00           2070.0  254000.0  2.00   64018.7500
486   555000.0           3.0            2.00           1980.0  555000.0  2.00  139246.2500
487   749000.0           4.0            2.50           1710.0  749000.0  2.50  187679.1250
488   660500.0           4.0            2.25           2010.0  660500.0  2.25  165629.0625
489   520000.0           3.0            2.25           2590.0  520000.0  2.25  130648.8125
490   250000.0           3.0            2.00           1440.0  250000.0  2.00   62861.2500
491   582800.0           4.0            2.75           2550.0  582800.0  2.75  146339.1875
492   210000.0           3.0            2.00           1440.0  210000.0  2.00   52861.2500
493   460000.0           3.0            1.75           1440.0  460000.0  1.75  115361.1875
494   210000.0           2.0            1.75           1440.0  210000.0  1.75   52860.9375
495   185000.0           3.0            1.75           1430.0  185000.0  1.75   46608.6875
496   280000.0           3.0            2.25           1430.0  280000.0  2.25   70358.8125
497   930000.0           4.0            2.50           2200.0  930000.0  2.50  233051.6250
498   310000.0           3.0            1.00           1430.0  310000.0  1.00   77858.5000
499   455000.0           2.0            1.00           1430.0  455000.0  1.00  114108.2500
500   373000.0           3.0            1.75           1830.0  373000.0  1.75   93708.6875
501   585188.0           3.0            2.25           2230.0  585188.0  2.25  146855.8125
502   246500.0           3.0            2.00           1430.0  246500.0  2.00   61983.7500
503   225000.0           3.0            1.75           1430.0  225000.0  1.75   56608.6875
504   275000.0           3.0            2.25           1420.0  275000.0  2.25   69106.3125
505   592500.0           2.0            2.00           1420.0  592500.0  2.00  148481.0000
506   400000.0           4.0            1.00           1420.0  400000.0  1.00  100356.2500
507   390000.0           4.0            3.00           2570.0  390000.0  3.00   98144.2500
508   272500.0           3.0            2.50           2070.0  272500.0  2.50   68643.8750
509   234000.0           3.0            1.75           1420.0  234000.0  1.75   58856.1875
510   265000.0           3.0            1.75           1420.0  265000.0  1.75   66606.1875
511   400000.0           3.0            2.50           2180.0  400000.0  2.50  100546.3750
512   435000.0           5.0            1.00           1410.0  435000.0  1.00  109104.0000
513   460000.0           4.0            3.00           2230.0  460000.0  3.00  115559.2500
514   390000.0           3.0            2.00           1910.0  390000.0  2.00   97978.7500
515   365500.0           3.0            2.00           1410.0  365500.0  2.00   91728.7500
516   255000.0           3.0            1.75           1410.0  255000.0  1.75   64103.6875
517   205000.0           3.0            2.00           1410.0  205000.0  2.00   51603.7500
518   245000.0           3.0            2.00           1410.0  245000.0  2.00   61603.7500
519   372500.0           2.0            2.50           1400.0  372500.0  2.00   93476.1250
520   238000.0           4.0            1.00           1400.0  238000.0  1.00   59851.2500
521   667000.0           3.0            1.00           1400.0  667000.0  1.00  167101.0000
522   330000.0           3.0            2.00           1400.0  330000.0  2.00   82851.2500
523   232000.0           3.0            1.00           1400.0  232000.0  1.00   58351.0000
524   233000.0           3.0            2.00           1400.0  233000.0  2.00   58601.2500
525   522000.0           3.0            1.75           1730.0  522000.0  1.75  130933.6875
526   550000.0           4.0            2.75           1800.0  550000.0  2.75  137951.6875
527   453246.0           3.0            2.50           2010.0  453246.0  2.50  113815.3750
528   206600.0           3.0            2.00           1390.0  206600.0  2.00   51998.7500
529   990000.0           4.0            2.50           2780.0  990000.0  2.50  248196.6250
530   280000.0           3.0            2.25           1900.0  280000.0  2.25   70476.3125
531   180000.0           3.0            1.00           1384.0  180000.0  1.00   45347.0000
532   597500.0           3.0            2.00           2150.0  597500.0  2.00  149913.7500
533   795000.0           2.0            1.00           1380.0  795000.0  1.00  199095.7500
534   270000.0           2.0            1.50           1380.0  270000.0  1.50   67845.8750
535   249900.0           3.0            1.75           1380.0  249900.0  1.75   62821.1875
536   385000.0           4.0            1.50           2040.0  385000.0  1.50   96761.3750
537   500000.0           4.0            2.25           2030.0  500000.0  2.25  125509.0625
538   400000.0           3.0            1.75           1370.0  400000.0  1.75  100343.6875
539   638700.0           3.0            1.75           2080.0  638700.0  1.75  160196.1875
540   371500.0           3.0            2.00           1370.0  371500.0  2.00   93218.7500
541   501000.0           3.0            1.75           1970.0  501000.0  1.75  125743.6875
542   338000.0           4.0            3.00           2090.0  338000.0  3.00   85024.2500
543   245000.0           3.0            1.50           1360.0  245000.0  1.50   61591.1250
544   720000.0           3.0            1.75           2040.0  720000.0  1.75  180511.1875
545   532170.0           3.0            2.00           1360.0  532170.0  2.00  133383.7500
546   200000.0           2.0            1.50           1360.0  200000.0  1.50   50340.8750
547   565000.0           3.0            2.75           2390.0  565000.0  2.75  141848.9375
548   260000.0           4.0            2.25           2160.0  260000.0  2.25   65541.5625
549   249000.0           3.0            2.00           1360.0  249000.0  2.00   62591.2500
550   385000.0           3.0            1.75           1350.0  385000.0  1.75   96588.6875
551   279950.0           3.0            2.00           1750.0  279950.0  2.00   70426.2500
552   497000.0           3.0            2.25           1870.0  497000.0  2.25  124718.8125
553   345500.0           3.0            1.00           1350.0  345500.0  1.00   86713.5000
554   305000.0           4.0            2.25           1950.0  305000.0  2.25   76739.0625
555   419950.0           2.0            1.75           1350.0  419950.0  1.75  105325.9375
556   430000.0           2.0            1.75           1350.0  430000.0  1.75  107838.4375
557   313000.0           3.0            1.50           1340.0  313000.0  1.50   78586.1250
558   650000.0           3.0            2.00           1340.0  650000.0  2.00  162836.2500
559   662500.0           6.0            2.25           2450.0  662500.0  2.25  166239.5625
560   452000.0           4.0            2.25           2590.0  452000.0  2.25  113649.0625
561   305000.0           4.0            2.50           2250.0  305000.0  2.50   76814.1250
562   255000.0           3.0            1.50           1340.0  255000.0  1.50   64086.1250
563   604950.0           3.0            2.50           2110.0  604950.0  2.50  151766.3750
564   650000.0           3.0            3.25           1510.0  650000.0  3.00  162879.0625
565   290000.0           4.0            1.00           1330.0  290000.0  1.00   72833.7500
566   249950.0           4.0            1.00           1330.0  249950.0  1.00   62821.2500
567   685000.0           3.0            2.00           2060.0  685000.0  2.00  171766.2500
568   615000.0           4.0            1.00           1330.0  615000.0  1.00  154083.7500
569   900000.0           3.0            1.00           1330.0  900000.0  1.00  225333.5000
570   374000.0           3.0            1.50           1330.0  374000.0  1.50   93833.6250
571   404000.0           3.0            1.50           2030.0  404000.0  1.50  101508.6250
572   240000.0           2.0            1.75           1330.0  240000.0  1.75   60333.4375
573   601000.0           3.0            1.75           1330.0  601000.0  1.75  150583.6875
574   577000.0           3.0            2.50           2060.0  577000.0  2.50  144766.3750
575   525000.0           3.0            2.25           2100.0  525000.0  2.25  131776.3125
576   300000.0           3.0            2.50           1320.0  300000.0  2.50   75331.3750
577   199000.0           3.0            1.75           1320.0  199000.0  1.75   50081.1875
578   467000.0           2.0            1.50           1320.0  467000.0  1.50  117080.8750
579   196500.0           3.0            1.00           1320.0  196500.0  1.00   49456.0000
580   265000.0           3.0            2.00           1320.0  265000.0  2.00   66581.2500
581   215000.0           2.0            1.00           1320.0  215000.0  1.00   54080.7500
582   270500.0           3.0            2.50           1780.0  270500.0  2.50   68071.3750
583   269950.0           3.0            1.50           1950.0  269950.0  1.50   67976.1250
584   399950.0           5.0            2.75           1970.0  399950.0  2.75  100481.9375
585   381156.0           2.0            1.00           1320.0  381156.0  1.00   95619.7500
586   535000.0           3.0            2.50           1360.0  535000.0  2.50  134091.3750
587   253000.0           3.0            2.50           2020.0  253000.0  2.50   63756.3750
588   175000.0           4.0            1.00           1300.0  175000.0  1.00   44076.2500
589   435000.0           3.0            1.50           1300.0  435000.0  1.50  109076.1250
590   315000.0           3.0            1.00           1900.0  315000.0  1.00   79226.0000
591   232000.0           3.0            1.75           1300.0  232000.0  1.75   58326.1875
592   267000.0           3.0            2.00           1300.0  267000.0  2.00   67076.2500
593   331000.0           3.0            1.75           1300.0  331000.0  1.75   83076.1875
594   225000.0           3.0            1.00           1300.0  225000.0  1.00   56576.0000
595   396000.0           3.0            1.50           1300.0  396000.0  1.50   99326.1250
596   335000.0           3.0            1.75           1570.0  335000.0  1.75   84143.6875
597   475000.0           5.0            2.50           2340.0  475000.0  2.50  119336.8750
598   425000.0           3.0            1.75           2500.0  425000.0  1.75  106876.1875
599   223000.0           3.0            2.00           1670.0  223000.0  2.00   56168.7500
600   236000.0           3.0            1.00           1300.0  236000.0  1.00   59326.0000
601   650000.0           4.0            1.75           2010.0  650000.0  1.75  163003.9375
602   450000.0           3.0            2.00           1290.0  450000.0  2.00  112823.7500
603   557000.0           3.0            3.50           1710.0  557000.0  3.00  139679.1250
604   299900.0           3.0            2.25           1560.0  299900.0  2.25   75366.3125
605   323000.0           3.0            1.00           1290.0  323000.0  1.00   81073.5000
606   824000.0           4.0            2.25           2490.0  824000.0  2.25  206624.0625
607   423000.0           4.0            2.25           2200.0  423000.0  2.25  106301.5625
608   285000.0           4.0            1.75           2510.0  285000.0  1.75   71878.9375
609   430000.0           3.0            1.50           1580.0  430000.0  1.50  107896.1250
610   700000.0           3.0            1.50           1580.0  700000.0  1.50  175396.1250
611   242000.0           3.0            1.75           1280.0  242000.0  1.75   60821.1875
612   425000.0           3.0            2.25           1820.0  425000.0  2.25  106706.3125
613   216000.0           3.0            1.00           1280.0  216000.0  1.00   54321.0000
614   322500.0           4.0            2.75           2060.0  322500.0  2.75   81141.6875
615   500000.0           2.0            1.00           1280.0  500000.0  1.00  125320.7500
616   309600.0           4.0            1.75           1275.0  309600.0  1.75   77720.1875
617   438000.0           2.0            2.00           1270.0  438000.0  2.00  109818.5000
618   550000.0           3.0            2.00           1970.0  550000.0  2.00  137993.7500
619   850830.0           3.0            2.50           2070.0  850830.0  2.50  213226.3750
620   247000.0           3.0            2.00           1270.0  247000.0  2.00   62068.7500
621   237000.0           3.0            1.75           1270.0  237000.0  1.75   59568.6875
622   588000.0           3.0            1.00           1910.0  588000.0  1.00  147478.5000
623   570000.0           3.0            3.25           1570.0  570000.0  3.00  142894.0625
624   425000.0           4.0            1.00           1260.0  425000.0  1.00  106566.2500
625   378750.0           3.0            2.50           2160.0  378750.0  2.50   95228.8750
626   465750.0           3.0            1.50           1260.0  465750.0  1.50  116753.6250
627   291500.0           3.0            1.75           1260.0  291500.0  1.75   73191.1875
628   289000.0           3.0            1.75           1260.0  289000.0  1.75   72566.1875
629   605000.0           3.0            1.75           1920.0  605000.0  1.75  151731.1875
630   325000.0           3.0            2.00           1260.0  325000.0  2.00   81566.2500
631   505000.0           3.0            2.00           1260.0  505000.0  2.00  126566.2500
632   312000.0           3.0            1.50           1255.0  312000.0  1.50   78314.8750
633   530000.0           3.0            1.75           1250.0  530000.0  1.75  132813.6875
634   350000.0           3.0            1.50           1250.0  350000.0  1.50   87813.6250
635   305000.0           3.0            1.00           1250.0  305000.0  1.00   76563.5000
636   288349.0           3.0            1.00           1250.0  288349.0  1.00   72400.7500
637   175000.0           3.0            1.00           1250.0  175000.0  1.00   44063.5000
638   230000.0           3.0            1.00           1250.0  230000.0  1.00   57813.5000
639   888000.0           3.0            1.50           1250.0  888000.0  1.50  222313.6250
640   282950.0           3.0            1.00           1250.0  282950.0  1.00   71051.0000
641   387000.0           4.0            1.75           2500.0  387000.0  1.75   97376.4375
642   390000.0           3.0            2.25           1250.0  390000.0  2.25   97813.8125
643   345000.0           3.0            1.00           1250.0  345000.0  1.00   86563.5000
644   440000.0           3.0            1.75           1560.0  440000.0  1.75  110391.1875
645   450000.0           3.0            1.75           1250.0  450000.0  1.75  112813.6875
646   517500.0           3.0            1.50           1430.0  517500.0  1.50  129733.6250
647   727500.0           2.0            2.00           1240.0  727500.0  2.00  182186.0000
648   255000.0           3.0            1.75           1240.0  255000.0  1.75   64061.1875
649   260000.0           3.0            2.00           1810.0  260000.0  2.00   65453.7500
650   405000.0           3.0            1.75           2390.0  405000.0  1.75  101848.6875
651   188500.0           2.0            1.75           1240.0  188500.0  1.75   47435.9375
652   655000.0           2.0            1.75           1450.0  655000.0  1.75  164113.4375
653   324500.0           3.0            1.75           1920.0  324500.0  1.75   81606.1875
654   255000.0           3.0            1.00           1230.0  255000.0  1.00   64058.5000
655   539900.0           3.0            1.75           1650.0  539900.0  1.75  135388.6875
656   260000.0           4.0            1.75           1810.0  260000.0  1.75   65453.9375
657   447000.0           3.0            1.00           1370.0  447000.0  1.00  112093.5000
658   642450.0           3.0            1.75           1830.0  642450.0  1.75  161071.1875
659   650000.0           3.0            2.00           1870.0  650000.0  2.00  162968.7500
660   306000.0           3.0            1.50           1220.0  306000.0  1.50   76806.1250
661   300000.0           2.0            1.00           1220.0  300000.0  1.00   75305.7500
662   330000.0           2.0            1.00           1220.0  330000.0  1.00   82805.7500
663   333500.0           3.0            1.75           1220.0  333500.0  1.75   83681.1875
664   305000.0           3.0            1.75           1650.0  305000.0  1.75   76663.6875
665   469950.0           3.0            2.25           1620.0  469950.0  2.25  117893.8125
666   387500.0           3.0            1.00           1220.0  387500.0  1.00   97181.0000
667   289999.0           5.0            2.50           2180.0  289999.0  2.50   73046.6250
668   288400.0           4.0            2.50           1860.0  288400.0  2.50   72566.6250
669   385000.0           3.0            1.00           1220.0  385000.0  1.00   96556.0000
670   532500.0           3.0            1.75           1330.0  532500.0  1.75  133458.6875
671   529000.0           3.0            1.00           1210.0  529000.0  1.00  132553.5000
672   314000.0           3.0            1.75           1810.0  314000.0  1.75   78953.6875
673   290000.0           3.0            1.00           1210.0  290000.0  1.00   72803.5000
674   200000.0           3.0            1.50           1210.0  200000.0  1.50   50303.6250
675   385000.0           3.0            1.75           1800.0  385000.0  1.75   96701.1875
676   315000.0           3.0            1.75           1580.0  315000.0  1.75   79146.1875
677   390000.0           3.0            1.00           1200.0  390000.0  1.00   97801.0000
678   153000.0           3.0            1.00           1200.0  153000.0  1.00   38551.0000
679   189000.0           2.0            1.00           1200.0  189000.0  1.00   47550.7500
680   214000.0           3.0            1.00           1200.0  214000.0  1.00   53801.0000
681   397000.0           4.0            2.00           1440.0  397000.0  2.00   99611.5000
682   478500.0           3.0            1.00           2090.0  478500.0  1.00  120148.5000
683   280000.0           2.0            1.50           1190.0  280000.0  1.50   70298.3750
684   625000.0           2.0            1.50           1490.0  625000.0  1.50  156623.3750
685   645000.0           4.0            2.00           2780.0  645000.0  2.00  161946.5000
686   228000.0           3.0            1.00           1190.0  228000.0  1.00   57298.5000
687   166950.0           3.0            1.00           1190.0  166950.0  1.00   42036.0000
688   378000.0           4.0            1.50           2140.0  378000.0  1.50   95036.3750
689   288000.0           3.0            1.00           1190.0  288000.0  1.00   72298.5000
690   382500.0           2.0            1.00           1190.0  382500.0  1.00   95923.2500
691   438000.0           3.0            2.50           1520.0  438000.0  2.50  109881.3750
692   260000.0           3.0            1.00           1180.0  260000.0  1.00   65296.0000
693   610000.0           3.0            1.00           1180.0  610000.0  1.00  152796.0000
694   215000.0           3.0            1.00           1180.0  215000.0  1.00   54046.0000
695   385000.0           4.0            1.75           2360.0  385000.0  1.75   96841.4375
696   370000.0           3.0            1.75           1580.0  370000.0  1.75   92896.1875
697   221900.0           3.0            1.00           1180.0  221900.0  1.00   55771.0000
698   519950.0           3.0            2.25           1170.0  519950.0  2.25  130281.3125
699   460000.0           3.0            1.00           1670.0  460000.0  1.00  115418.5000
700   548000.0           2.0            1.00           1470.0  548000.0  1.00  137368.2500
701   272500.0           3.0            1.75           1540.0  272500.0  1.75   68511.1875
702   305000.0           3.0            1.00           1160.0  305000.0  1.00   76541.0000
703   252350.0           3.0            2.00           1650.0  252350.0  2.00   63501.2500
704   441000.0           3.0            2.75           1910.0  441000.0  2.75  110728.9375
705   199000.0           4.0            1.50           1160.0  199000.0  1.50   50041.3750
706   310000.0           3.0            1.50           1150.0  310000.0  1.50   77788.6250
707   460500.0           3.0            1.00           1490.0  460500.0  1.00  115498.5000
708   166600.0           3.0            1.75           1150.0  166600.0  1.75   41938.6875
709   185000.0           3.0            1.00           1150.0  185000.0  1.00   46538.5000
710   240000.0           3.0            1.75           1760.0  240000.0  1.75   60441.1875
711   466000.0           2.0            1.50           1140.0  466000.0  1.50  116785.8750
712   269900.0           3.0            1.75           1140.0  269900.0  1.75   67761.1875
713   500000.0           2.0            1.00           1640.0  500000.0  1.00  125410.7500
714   705000.0           3.0            1.75           2180.0  705000.0  1.75  176796.1875
715   232500.0           3.0            1.50           1940.0  232500.0  1.50   58611.1250
716   405000.0           3.0            1.75           1670.0  405000.0  1.75  101668.6875
717   950000.0           3.0            1.75           2150.0  950000.0  1.75  238038.6875
718   423000.0           4.0            2.00           1970.0  423000.0  2.00  106244.0000
719   258000.0           5.0            2.00           2260.0  258000.0  2.00   65066.7500
720   320000.0           3.0            1.50           1650.0  320000.0  1.50   80413.6250
721   328000.0           3.0            1.75           1470.0  328000.0  1.75   82368.6875
722   215000.0           4.0            1.00           1130.0  215000.0  1.00   54033.7500
723   341500.0           3.0            1.50           1130.0  341500.0  1.50   85658.6250
724   287500.0           3.0            1.00           1810.0  287500.0  1.00   72328.5000
725   431000.0           3.0            1.00           1810.0  431000.0  1.00  108203.5000
726   645000.0           3.0            1.75           2070.0  645000.0  1.75  161768.6875
727   250000.0           2.0            2.00           1130.0  250000.0  2.00   62783.5000
728   260000.0           3.0            1.00           1480.0  260000.0  1.00   65371.0000
729   188000.0           2.0            1.50           1120.0  188000.0  1.50   47280.8750
730   285000.0           3.0            1.00           1120.0  285000.0  1.00   71531.0000
731   264950.0           4.0            2.25           1720.0  264950.0  2.25   66669.0625
732   315000.0           3.0            2.25           2200.0  315000.0  2.25   79301.3125
733   325000.0           3.0            1.00           1920.0  325000.0  1.00   81731.0000
734   531000.0           2.0            3.00           1270.0  531000.0  2.00  133068.7500
735   560000.0           3.0            1.00           1110.0  560000.0  1.00  140278.5000
736   450000.0           3.0            1.75           1640.0  450000.0  1.75  112911.1875
737   425000.0           3.0            2.25           1660.0  425000.0  2.25  106666.3125
738   595000.0           3.0            1.75           1910.0  595000.0  1.75  149228.6875
739   665000.0           2.0            1.00           1110.0  665000.0  1.00  166528.2500
740   340000.0           2.0            2.50           1100.0  340000.0  2.00   85276.1250
741   450000.0           2.0            2.00           1100.0  450000.0  2.00  112776.0000
742   260000.0           3.0            1.75           1100.0  260000.0  1.75   65276.1875
743   315000.0           4.0            2.25           2180.0  315000.0  2.25   79296.5625
744   530000.0           4.0            2.25           2180.0  530000.0  2.25  133046.5625
745   405000.0           5.0            1.75           1550.0  405000.0  1.75  101639.1875
746   269000.0           4.0            1.75           1490.0  269000.0  1.75   67623.9375
747   268000.0           4.0            1.75           1680.0  268000.0  1.75   67421.4375
748   300000.0           2.0            1.00           1100.0  300000.0  1.00   75275.7500
749   375000.0           4.0            1.75           2200.0  375000.0  1.75   94301.4375
750   485000.0           4.0            2.00           1400.0  485000.0  2.00  121601.5000
751   535000.0           3.0            1.00           1090.0  535000.0  1.00  134023.5000
752   349000.0           3.0            1.75           1790.0  349000.0  1.75   87698.6875
753   267500.0           3.0            1.75           1590.0  267500.0  1.75   67273.6875
754   429950.0           4.0            1.00           1760.0  429950.0  1.00  107928.7500
755   340000.0           2.0            1.00           1090.0  340000.0  1.00   85273.2500
756   460000.0           3.0            2.50           1610.0  460000.0  2.50  115403.8750
757   359000.0           2.0            2.75           1370.0  359000.0  2.00   90093.6875
758   512000.0           3.0            1.75           1610.0  512000.0  1.75  128403.6875
759   268500.0           4.0            1.75           1420.0  268500.0  1.75   67481.4375
760   300000.0           3.0            2.00           1480.0  300000.0  2.00   75371.2500
761   329950.0           3.0            1.75           2080.0  329950.0  1.75   83008.6875
762   320000.0           2.0            1.00           1070.0  320000.0  1.00   80268.2500
763   316500.0           3.0            1.75           1600.0  316500.0  1.75   79526.1875
764   252700.0           2.0            1.50           1070.0  252700.0  1.50   63443.3750
765   265000.0           3.0            1.00           1070.0  265000.0  1.00   66518.5000
766   415000.0           3.0            1.75           1070.0  415000.0  1.75  104018.6875
767   397500.0           3.0            2.00           1510.0  397500.0  2.00   99753.7500
768   435000.0           4.0            1.50           1510.0  435000.0  1.50  109128.8750
769   641000.0           2.0            1.00           1420.0  641000.0  1.00  160605.7500
770   640000.0           2.0            1.00           1070.0  640000.0  1.00  160268.2500
771   415000.0           2.0            1.00           1070.0  415000.0  1.00  104018.2500
772   625504.0           3.0            2.25           1270.0  625504.0  2.25  156694.8125
773   230000.0           3.0            1.00           1060.0  230000.0  1.00   57766.0000
774   291850.0           3.0            1.50           1060.0  291850.0  1.50   73228.6250
775   330000.0           2.0            1.00           1350.0  330000.0  1.00   82838.2500
776   212000.0           3.0            1.75           1060.0  212000.0  1.75   53266.1875
777   275000.0           3.0            3.00           1590.0  275000.0  3.00   69149.0000
778   299995.0           2.0            1.00           1060.0  299995.0  1.00   75264.5000
779   325000.0           2.0            1.00           1060.0  325000.0  1.00   81515.7500
780   493000.0           4.0            2.00           1910.0  493000.0  2.00  123729.0000
781   163500.0           2.0            1.50           1050.0  163500.0  1.50   41138.3750
782   320000.0           3.0            1.50           1240.0  320000.0  1.50   80311.1250
783   400000.0           3.0            2.25           1190.0  400000.0  2.25  100298.8125
784   252000.0           4.0            1.50           1550.0  252000.0  1.50   63388.8750
785   287653.0           3.0            1.00           1050.0  287653.0  1.00   72176.7500
786   237500.0           3.0            1.75           1050.0  237500.0  1.75   59638.6875
787   229500.0           3.0            1.00           1780.0  229500.0  1.00   57821.0000
788   384000.0           4.0            1.75           2100.0  384000.0  1.75   96526.4375
789   245000.0           2.0            1.00           1050.0  245000.0  1.00   61513.2500
790   604000.0           4.0            3.00           1960.0  604000.0  3.00  151491.7500
791   263500.0           3.0            1.75           1330.0  263500.0  1.75   66208.6875
792   436000.0           2.0            1.00           1040.0  436000.0  1.00  109260.7500
793   204000.0           3.0            1.00           1040.0  204000.0  1.00   51261.0000
794   480000.0           3.0            1.00           1040.0  480000.0  1.00  120261.0000
795   255000.0           5.0            2.25           2060.0  255000.0  2.25   64266.8125
796   245000.0           3.0            2.50           1530.0  245000.0  2.50   61633.8750
797   427200.0           3.0            1.00           1030.0  427200.0  1.00  107058.5000
798   442000.0           3.0            1.00           1190.0  442000.0  1.00  110798.5000
799   189950.0           2.0            1.00           1030.0  189950.0  1.00   47745.7500
800   209000.0           3.0            2.00           1230.0  209000.0  2.00   52558.7500
801   229000.0           3.0            1.00           1020.0  229000.0  1.00   57506.0000
802   459000.0           2.0            1.75           1170.0  459000.0  1.75  115043.4375
803   550700.0           2.0            1.00           1010.0  550700.0  1.00  137928.2500
804   505000.0           3.0            1.50           1830.0  505000.0  1.50  126708.6250
805   420000.0           3.0            2.00           2020.0  420000.0  2.00  105506.2500
806   160000.0           3.0            1.50           1010.0  160000.0  1.50   40253.6250
807   205000.0           3.0            1.00           1610.0  205000.0  1.00   51653.5000
808   405500.0           3.0            1.50           1010.0  405500.0  1.50  101628.6250
809   220000.0           4.0            1.75           2020.0  220000.0  1.75   55506.4375
810   385000.0           3.0            2.00           1010.0  385000.0  2.00   96503.7500
811   250000.0           4.0            1.75           1710.0  250000.0  1.75   62928.9375
812   355000.0           2.0            1.00           2020.0  355000.0  1.00   89255.7500
813   425000.0           3.0            1.00           1010.0  425000.0  1.00  106503.5000
814   470000.0           3.0            1.00           1010.0  470000.0  1.00  117753.5000
815   595000.0           2.0            2.00           1510.0  595000.0  2.00  149128.5000
816   280000.0           2.0            1.00           1010.0  280000.0  1.00   70253.2500
817   451000.0           3.0            1.75           1560.0  451000.0  1.75  113141.1875
818   204000.0           3.0            1.00           1000.0  204000.0  1.00   51251.0000
819   270000.0           2.0            1.00           1000.0  270000.0  1.00   67750.7500
820   213000.0           2.0            1.00           1000.0  213000.0  1.00   53500.7500
821   420000.0           3.0            2.25           2000.0  420000.0  2.25  105501.3125
822   186375.0           3.0            1.00           1000.0  186375.0  1.00   46844.7500
823   165000.0           4.0            1.00           1000.0  165000.0  1.00   41501.2500
824   239900.0           4.0            1.00           1000.0  239900.0  1.00   60226.2500
825   220000.0           3.0            1.00           1000.0  220000.0  1.00   55251.0000
826   600000.0           3.0            1.75           1410.0  600000.0  1.75  150353.6875
827   240500.0           3.0            1.75           1460.0  240500.0  1.75   60491.1875
828   585000.0           2.0            1.75           1980.0  585000.0  1.75  146745.9375
829   210490.0           3.0            1.00            990.0  210490.0  1.00   52871.0000
830   325000.0           3.0            1.00            990.0  325000.0  1.00   81498.5000
831   495000.0           3.0            1.00            990.0  495000.0  1.00  123998.5000
832   543500.0           3.0            2.25           1270.0  543500.0  2.25  136193.8125
833   235000.0           3.0            1.00           1430.0  235000.0  1.00   59108.5000
834   330000.0           3.0            1.00            980.0  330000.0  1.00   82746.0000
835   511000.0           3.0            1.00           1430.0  511000.0  1.00  128108.5000
836   400000.0           3.0            1.75           1590.0  400000.0  1.75  100398.6875
837   576000.0           3.0            2.50           1940.0  576000.0  2.50  144486.3750
838   222000.0           3.0            2.00           1440.0  222000.0  2.00   55861.2500
839   315000.0           2.0            1.00            970.0  315000.0  1.00   78993.2500
840   226000.0           3.0            1.00            970.0  226000.0  1.00   56743.5000
841   425000.0           2.0            1.00            970.0  425000.0  1.00  106493.2500
842   232000.0           2.0            1.00           1240.0  232000.0  1.00   58310.7500
843   240500.0           2.0            1.00           1240.0  240500.0  1.00   60435.7500
844   282000.0           4.0            1.75           1660.0  282000.0  1.75   70916.4375
845   218000.0           3.0            1.00            960.0  218000.0  1.00   54741.0000
846   452000.0           4.0            1.50           1580.0  452000.0  1.50  113396.3750
847   315000.0           3.0            1.00            960.0  315000.0  1.00   78991.0000
848   565000.0           2.0            1.75           1330.0  565000.0  1.75  141583.4375
849   565000.0           2.0            1.00            960.0  565000.0  1.00  141490.7500
850   725000.0           3.0            1.75           1920.0  725000.0  1.75  181731.1875
851   200000.0           1.0            1.50           1010.0  200000.0  1.00   50253.1250
852   615000.0           3.0            1.75           1900.0  615000.0  1.75  154226.1875
853   482000.0           2.0            1.00            950.0  482000.0  1.00  120738.2500
854   420000.0           3.0            1.00           1060.0  420000.0  1.00  105266.0000
855   205000.0           3.0            1.00            940.0  205000.0  1.00   51486.0000
856   443500.0           2.0            1.00            940.0  443500.0  1.00  111110.7500
857   320000.0           3.0            1.00           1340.0  320000.0  1.00   80336.0000
858   375000.0           2.0            1.00            940.0  375000.0  1.00   93985.7500
859   605000.0           2.0            1.75           1760.0  605000.0  1.75  151690.9375
860   352000.0           2.0            1.00            940.0  352000.0  1.00   88235.7500
861   275000.0           2.0            1.00            940.0  275000.0  1.00   68985.7500
862   550000.0           4.0            1.00           1660.0  550000.0  1.00  137916.2500
863   379000.0           2.0            1.00            930.0  379000.0  1.00   94983.2500
864   225000.0           3.0            1.75           1760.0  225000.0  1.75   56691.1875
865   309000.0           3.0            1.00           1280.0  309000.0  1.00   77571.0000
866   200000.0           4.0            2.00           1920.0  200000.0  2.00   50481.5000
867   274250.0           3.0            1.00            910.0  274250.0  1.00   68791.0000
868   565000.0           3.0            1.00            910.0  565000.0  1.00  141478.5000
869   410000.0           3.0            1.00           1410.0  410000.0  1.00  102853.5000
870   180250.0           2.0            0.75            900.0  180250.0  0.75   45288.1875
871   226500.0           3.0            1.50           1300.0  226500.0  1.50   56951.1250
872   525000.0           3.0            1.50           1350.0  525000.0  1.50  131588.6250
873   395000.0           3.0            1.00           1500.0  395000.0  1.00   99126.0000
874   240000.0           4.0            1.00           1220.0  240000.0  1.00   60306.2500
875   207950.0           2.0            2.00            890.0  207950.0  2.00   52211.0000
876   130000.0           2.0            1.00            880.0  130000.0  1.00   32720.7500
877   326100.0           2.0            1.00            880.0  326100.0  1.00   81745.7500
878   380000.0           4.0            1.75           1760.0  380000.0  1.75   95441.4375
879   205425.0           2.0            1.00            880.0  205425.0  1.00   51577.0000
880   490000.0           2.0            2.50           1230.0  490000.0  2.00  122808.6250
881   157000.0           1.0            1.00            870.0  157000.0  1.00   39468.0000
882   405000.0           2.0            0.75           1160.0  405000.0  0.75  101540.6875
883   414900.0           3.0            1.50           1260.0  414900.0  1.50  104041.1250
884   530000.0           3.0            1.75           1320.0  530000.0  1.75  132831.1875
885   210000.0           3.0            1.00            860.0  210000.0  1.00   52716.0000
886   468000.0           2.0            1.00           1160.0  468000.0  1.00  117290.7500
887   170000.0           2.0            1.00            860.0  170000.0  1.00   42715.7500
888   385000.0           4.0            1.75           1620.0  385000.0  1.75   96656.4375
889   460000.0           3.0            1.75           1550.0  460000.0  1.75  115388.6875
890   475000.0           2.0            1.00           1490.0  475000.0  1.00  119123.2500
891   280000.0           2.0            1.00            850.0  280000.0  1.00   70213.2500
892   378500.0           4.0            1.75           1700.0  378500.0  1.75   95051.4375
893   435000.0           4.0            2.50           1700.0  435000.0  2.50  109176.6250
894   438924.0           3.0            1.50           1050.0  438924.0  1.50  109994.6250
895   553500.0           2.0            1.00            850.0  553500.0  1.00  138588.2500
896   419000.0           2.0            2.25           1180.0  419000.0  2.00  105046.0625
897   517534.0           2.0            1.00            833.0  517534.0  1.00  129592.5000
898   210000.0           2.0            1.00            830.0  210000.0  1.00   52708.2500
899   425000.0           3.0            2.50           1120.0  425000.0  2.50  106531.3750
900   615000.0           2.0            1.00           1540.0  615000.0  1.00  154135.7500
901   289500.0           3.0            1.00            960.0  289500.0  1.00   72616.0000
902   195000.0           2.0            1.00            820.0  195000.0  1.00   48955.7500
903   397500.0           3.0            1.25           1510.0  397500.0  1.25   99753.5625
904   268750.0           4.0            1.00            800.0  268750.0  1.00   67388.7500
905   329999.0           3.0            1.00           1150.0  329999.0  1.00   82788.2500
906   378000.0           2.0            2.00           1300.0  378000.0  2.00   94826.0000
907   349500.0           3.0            1.00           1400.0  349500.0  1.00   87726.0000
908   438000.0           3.0            1.75           1520.0  438000.0  1.75  109881.1875
909   437500.0           2.0            1.00            990.0  437500.0  1.00  109623.2500
910   480000.0           2.0            1.00           1030.0  480000.0  1.00  120258.2500
911   180000.0           2.0            1.00            770.0  180000.0  1.00   45193.2500
912   395000.0           2.0            1.00            770.0  395000.0  1.00   98943.2500
913   425000.0           2.0            1.00            770.0  425000.0  1.00  106443.2500
914   850000.0           3.0            1.75           1370.0  850000.0  1.75  212843.6875
915   542000.0           2.0            1.00            890.0  542000.0  1.00  135723.2500
916   481000.0           3.0            1.75           1560.0  481000.0  1.75  120641.1875
917   335000.0           2.0            1.75           1030.0  335000.0  1.75   84008.4375
918   369900.0           1.0            0.75            760.0  369900.0  0.75   92665.4375
919   210000.0           2.0            1.00            750.0  210000.0  1.00   52688.2500
920   261000.0           2.0            1.00            750.0  261000.0  1.00   65438.2500
921   178500.0           2.0            1.00            740.0  178500.0  1.00   44810.7500
922   259950.0           2.0            2.00           1070.0  259950.0  2.00   65256.0000
923   181000.0           2.0            1.50            720.0  181000.0  1.50   45430.8750
924   269950.0           2.0            1.75           1340.0  269950.0  1.75   67823.4375
925   350000.0           1.0            1.00            700.0  350000.0  1.00   87675.5000
926   435000.0           3.0            1.00           1400.0  435000.0  1.00  109101.0000
927   570000.0           3.0            1.75           1260.0  570000.0  1.75  142816.1875
928   410000.0           2.0            1.00            800.0  410000.0  1.00  102700.7500
929   315000.0           2.0            1.00            630.0  315000.0  1.00   78908.2500
930   190000.0           2.0            1.00            630.0  190000.0  1.00   47658.2500
931   331000.0           3.0            1.75           1080.0  331000.0  1.75   83021.1875
932   299000.0           1.0            0.75            560.0  299000.0  0.75   74890.4375
933    80000.0           1.0            0.75            430.0   80000.0  0.75   20107.9375
934   245000.0           1.0            0.75            380.0  245000.0  0.75   61345.4375