id price bedrooms bathrooms sqft_living sqft_lot floors sqft_above
7129300520 221900 3 1 1180 5650 1 1180
6414100192 538000 3 2.25 2570 7242 2 2170
5631500400 180000 2 1 770 10000 1 770
2487200875 604000 4 3 1960 5000 1 1050
1954400510 510000 3 2 1680 8080 1 1680
7237550310 1.23E+06 4 4.5 5420 101930 1 3890
1321400060 257500 3 2.25 1715 6819 2 1715
2008000270 291850 3 1.5 1060 9711 1 1060
2414600126 229500 3 1 1780 7470 1 1050
3793500160 323000 3 2.5 1890 6560 2 1890
1736800520 662500 3 2.5 3560 9796 1 1860
9212900260 468000 2 1 1160 6000 1 860
114101516 310000 3 1 1430 19901 1.5 1430
6054650070 400000 3 1.75 1370 9680 1 1370
1175000570 530000 5 2 1810 4850 1.5 1810
9297300055 650000 4 3 2950 5000 2 1980
1875500060 395000 3 2 1890 14040 2 1890
6865200140 485000 4 1 1600 4300 1.5 1600
16000397 189000 2 1 1200 9850 1 1200
7983200060 230000 3 1 1250 9774 1 1250
6300500875 385000 4 1.75 1620 4980 1 860
2524049179 2.00E+06 3 2.75 3050 44867 1 2330
7137970340 285000 5 2.5 2270 6300 2 2270
8091400200 252700 2 1.5 1070 9643 1 1070
3814700200 329000 3 2.25 2450 6500 2 2450
1202000200 233000 3 2 1710 4697 1.5 1710
1794500383 937000 3 1.75 2450 2691 2 1750
3303700376 667000 3 1 1400 1581 1.5 1400
5101402488 438000 3 1.75 1520 6380 1 790
1873100390 719000 4 2.5 2570 7173 2 2570
8562750320 580500 3 2.5 2320 3980 2 2320
2426039314 280000 2 1.5 1190 1265 3 1190
461000390 687500 4 1.75 2330 5000 1.5 1510
7589200193 535000 3 1 1090 3000 1.5 1090
7955080270 322500 4 2.75 2060 6659 1 1280
9547205180 696000 3 2.5 2300 3060 1.5 1510
9435300030 550000 4 1 1660 34848 1 930
2768000400 640000 4 2 2360 6000 2 2360
7895500070 240000 4 1 1220 8075 1 890
2078500320 605000 4 2.5 2620 7553 2 2620
5547700270 625000 4 2.5 2570 5520 2 2570
7766200013 775000 4 2.25 4220 24186 1 2600
7203220400 861990 5 2.75 3595 5639 2 3595
9270200160 685000 3 1 1570 2280 2 1570
1432701230 309000 3 1 1280 9656 1 920
8035350320 488000 3 2.5 3160 13603 2 3160
8945200830 210490 3 1 990 8528 1 990
4178300310 785000 4 2.5 2290 13416 2 2290
9215400105 450000 3 1.75 1250 5963 1 1250
822039084 1.35E+06 3 2.5 2753 65005 1 2165
5245600105 228000 3 1 1190 9199 1 1190
7231300125 345000 5 2.5 3150 9134 1 1640
7518505990 600000 3 1.75 1410 4080 1 1000
3626039271 585000 2 1.75 1980 8550 1 990
4217401195 920000 5 2.25 2730 6000 1.5 2130
9822700295 885000 4 2.5 2830 5000 2 2830
9478500640 292500 4 2.5 2250 4495 2 2250
2799800710 301000 3 2.5 2420 4750 2 2420
7922800400 951000 5 3.25 3250 14342 2 3250
8079040320 430000 4 3 1850 9976 2 1850
1516000055 650000 3 2.25 2150 21235 1 1590
9558200045 289000 3 1.75 1260 8400 1 1260
5072410070 505000 3 1.75 2519 8690 2 2519
9528102996 549000 3 1.75 1540 1044 3 1540
1189001180 425000 3 2.25 1660 6000 1 1110
3253500160 317625 3 2.75 2770 3809 1.5 1770
3394100030 975000 4 2.5 2720 11049 2 2720
3717000160 287000 4 2.5 2240 4648 2 2240
1274500060 204000 3 1 1000 12070 1 1000
1802000060 1.33E+06 5 2.25 3200 20158 1 1600
1525059190 1.04E+06 5 3.25 4770 50094 1 3070
1049000060 325000 3 2 1260 5612 1 1260
8820901275 571000 4 2 2750 7807 1.5 2250
5416510140 360000 4 2.5 2380 5000 2 2380
3444100400 349000 3 1.75 1790 50529 1 1090
3276920270 832500 4 4 3430 35102 2 2390
4036801170 380000 4 1.75 1760 7300 1 880
2391600320 480000 3 1 1040 5060 1 1040
6300000287 410000 3 1 1410 5060 1 910
1531000030 720000 4 2.5 3450 39683 2 3450
5104520400 390000 3 2.5 2350 5100 2 2350
7437100340 360000 4 2.5 1900 5889 2 1900
9418400240 355000 2 1 2020 6720 1 1010
1523059105 356000 3 1.5 1680 8712 1 1680
1133000671 315000 3 1 960 6634 1 960
4232902595 940000 3 1.5 2140 3600 2 1900
2599001200 305000 5 2.25 2660 8400 1.5 2660
3342103156 461000 3 3.25 2770 6278 2 1980
1332700270 215000 2 2.25 1610 2040 2 1610
3869900162 335000 2 1.75 1030 1066 2 765
2791500270 243500 4 2.5 1980 7403 2 1980
5036300431 1.10E+06 5 2.75 3520 6353 2 3520
4168000060 153000 3 1 1200 10500 1 1200
6021501535 430000 3 1.5 1580 5000 1 1290
6021501535 700000 3 1.5 1580 5000 1 1290
1483300570 905000 4 2.5 3300 10250 1 2390
3422049190 247500 3 1.75 1960 15681 1 1960
1099611230 199000 4 1.5 1160 6400 1 1160
722079104 314000 3 1.75 1810 41800 1 1210
7338200240 437500 3 2.5 2320 36847 2 2320
1952200240 850830 3 2.5 2070 13241 1.5 1270
5200100125 555000 3 2 1980 3478 1.5 1440
7214720075 699950 3 2.25 2190 107593 2 2190
2450000295 1.09E+06 3 2.5 2920 8113 2 2920
6197800045 290000 3 1 1210 33919 1 1210
1328310370 375000 3 2.5 2340 10005 1 1460
546000875 460000 3 1 1670 4005 1.5 1170
3530510041 188500 2 1.75 1240 2493 1 1240
1853000400 680000 4 2.5 3140 28037 2 3140
3134100116 470000 5 1.75 2030 12342 2 2030
9545230140 597750 4 2.5 2310 9624 2 2310
3362400511 570000 3 1.75 1260 3328 1 700
2525310310 272500 3 1.75 1540 12600 1 1160
6126500060 329950 3 1.75 2080 5969 1 1080
8961960160 480000 4 2.5 3230 16171 2 2520
3626039325 740500 3 3.5 4380 6350 2 2780
3362400431 518500 3 3.5 1590 1102 3 1590
4060000240 205425 2 1 880 6780 1 880
3454800060 171800 4 2 1570 9600 1 1570
1695900060 535000 4 1 1610 2982 1.5 1610
7278700070 660000 3 2.5 2400 6474 1 1560
6675500070 391500 3 2 1450 9132 1 1450
3626039187 395000 2 1 770 6000 1 770
3524049083 445000 4 1.75 2100 4400 1.5 1720
3275860240 770000 3 2.25 2910 10204 2 2910
4389200955 1.45E+06 4 2.75 2750 17789 1.5 1980
4058801670 445000 3 2.25 2100 8201 1 1620
8732020310 260000 4 2.25 2160 8811 1 1360
2331300505 822500 5 3.5 2320 4960 2 1720
7853210060 430000 4 2.5 2070 4310 2 2070
3668000070 212000 3 1.75 1060 7875 1 1060
9545240070 660500 4 2.25 2010 9603 1 1440
1243100136 784000 3 3.5 3950 111078 1.5 2460
8929000270 453246 3 2.5 2010 2287 2 1390
2767602356 675000 4 3.5 2140 2278 3 2140
921049315 199000 3 1.75 1320 17390 1 1320
3655000070 220000 4 1.75 2020 7840 1 1010
4027700812 452000 4 2.25 2590 10002 1 1340
3992700335 382500 2 1 1190 4440 1 1190
2767603505 519950 3 2.25 1170 1249 3 1170
4232901525 665000 2 1 1110 3200 1 1110
1777500060 527700 5 2.5 2820 9375 1 1550
1432900240 205000 3 1 1610 8579 1 1010
6140100875 420000 3 1 1060 8097 1 940
6071600370 500000 4 2.25 2030 8517 1 1380
1526069017 921500 4 2.5 3670 315374 2 3670
809001525 890000 4 1 2550 4000 2 2370
3224079105 430000 2 2.5 2420 60984 2 2420
8075400570 258000 5 2 2260 12500 1 1130
1994200024 511000 3 1 1430 3455 1 980
3362900810 532170 3 2 1360 3090 2 1360
1324300398 560000 3 1 1110 5000 1.5 1110
537000445 282950 3 1 1250 8200 1 1250
7855801670 2.25E+06 4 3.25 5180 19850 2 3540
7920100045 350000 1 1 700 5100 1 700
8960000030 215000 3 1 1180 7669 1 1180
6388930390 650000 5 3.5 3960 25245 2 2500
8731900200 320000 4 2.75 2640 7500 1 1620
8029200135 247000 3 2 1270 7198 1.5 1270
1081200350 320000 4 1.75 1760 11180 1 1760
84000105 255000 5 2.25 2060 8632 1 1030
3756500060 438000 3 1.75 1780 9660 1 1780
7215720160 900000 3 2.5 3400 16603 2 3400
3574800520 441000 3 2.75 1910 7280 1 1160
2617300160 420000 3 2 2020 38332 1 1010
2558660270 370000 3 1.75 1580 7000 1 1180
2009000370 269950 2 1.75 1340 7250 1 700
1836980160 807100 4 2.5 2680 4499 2 2680
3261020370 653000 3 2.5 2680 9750 1 1610
1755700060 371500 3 2 1370 8336 1 1370
4330600435 284000 3 1.75 1560 21000 1 1560
9542800700 272000 3 1.75 2160 7140 1 1670
1999700045 313000 3 1.5 1340 7912 1.5 1340
1762600070 917500 4 2.5 3880 35003 2 2570
1687900520 673000 4 2.25 2590 8190 2 2590
7234600798 425000 3 2.5 1120 1100 2 820
3881900445 399950 5 2.75 1970 5400 1 1320
2254502445 385000 3 1 1220 4800 1 1220
5437810320 269950 3 1.5 1950 7560 1 1320
9158100075 330000 2 1 1350 8220 1 1060
3830630310 260000 3 2.5 1670 5797 2 1670
8123100045 470000 4 3 2380 5125 1.5 1680
3127200041 589000 4 3 2440 9600 2 2440
6661200320 163500 2 1.5 1050 3419 2 1050
11510310 835000 4 2.75 3130 13412 2 2140
825059270 1.10E+06 5 3 4090 12850 1 2090
8731951370 269000 4 1.75 1490 10000 1 1100
1954440060 560000 3 2.5 1900 8744 2 1900
2264500350 615000 4 1 1330 2400 1.5 1330
1115810060 585188 3 2.25 2230 10026 1 1430
9477200200 305000 3 1.75 1650 9480 1 1220
1432600560 166950 3 1 1190 8820 1 1190
2287000060 799000 3 2.5 2140 9897 1 2140
3663500060 400000 3 2.5 2180 7508 1 1420
3996900125 230000 3 1 1060 10228 1 1060
7796450200 256883 3 2.5 1690 5025 2 1690
7549802535 423000 4 2 1970 6480 1.5 1130
3278600320 465000 3 2.5 2150 4084 2 2150
2824079053 440000 3 2.5 1910 66211 2 1910
1222069094 385000 3 1.75 1350 155073 1 1350
3542300060 210000 3 1 860 11725 1 860
2222059065 297000 3 2.5 1940 14952 2 1940
7551300060 470000 3 1 1010 5000 1 1010
100600550 226500 3 1.5 1300 7370 1 900
3211100860 274250 3 1 910 8450 1 910
3456000310 840000 4 1.75 2480 11010 1 1630
9526600140 677900 3 2.5 2440 4587 2 2440
7465900060 425000 3 1 1010 5864 1 1010
1222000055 180250 2 0.75 900 9600 1 900
6300000550 464000 6 3 2300 3404 2 1600
2310030510 320000 4 2.25 1550 7579 2 1550
1025049114 625504 3 2.25 1270 1566 2 1060
8677300550 592500 4 2.5 2240 12032 1 2240
4014400292 465000 3 2.5 2714 17936 2 2714
1102000196 477000 4 2.75 1720 6270 2 1720
257000138 280000 2 1 850 16400 1 850
46100204 1.51E+06 5 3 3300 33474 1 1870
1909600046 445838 3 2.5 2250 5692 2 2250
1250202145 1.07E+06 2 2.25 3900 14864 1 1950
7611200125 467000 2 1.5 1320 10800 1 1320
5611500140 686000 4 2.5 2760 6440 2 2760
7138000260 279950 3 2 1750 9750 1 1350
626059335 527000 4 2.25 2330 19436 2 2330
1922059282 325000 3 2.25 2220 16020 1 1780
705700390 328000 3 2.25 2020 8379 2 2020
7454001200 390000 3 2.25 1250 7500 1 1250
8682281200 479950 2 2 1510 6516 1 1510
7972000200 264950 4 2.25 1720 9753 1 1120
722059070 235000 3 1 1430 15246 1 980
7202340400 516500 3 2.5 1480 4729 2 1480
8096000060 655000 2 1.75 1450 15798 2 1230
2424000060 500000 4 2.75 2280 15347 1 2280
9264902050 315000 6 2.75 2940 7350 1 1780
943100260 213000 2 1 1000 10200 1 1000
3677400445 475000 3 1.5 2480 5280 1.5 1620
1762600320 1.03E+06 5 4 3760 28040 2 3760
4058000060 416000 3 2 2220 94300 1 1640
7228500560 410000 4 1 1970 4740 1.5 1670
326069104 800000 3 3.5 3830 221284 2 3530
5152100060 472000 6 2.5 4410 14034 1 2350
3584000310 225000 3 1.75 1430 8505 1 1430
8150100045 210000 2 1 830 6000 1 830
1868901275 455000 2 1 1430 5000 1.5 1430
6131600075 225000 3 1 1300 8316 1 1300
9468200125 480000 2 1 1030 3060 1 790
8029510030 363000 3 2.5 2740 11872 2 2740
2025069065 2.40E+06 4 2.5 3650 8354 1 1830
7899800890 181000 2 1.5 720 5120 1 720
3021059276 250000 4 2 2010 7312 1 2010
3797001895 481000 3 1.75 1560 3000 1 770
3832710960 260000 3 2 1810 7209 1 1240
1310430400 455000 4 2.5 3360 7685 2 3360
1422300030 415000 3 2.25 1510 36224 2 1510
1105000588 349500 3 1 1400 3538 1 800
3830630060 245000 3 2.5 1730 7442 2 1730
5101404898 592500 2 2 1420 9191 1.5 1420
7972601890 385000 4 1.75 2360 7620 1 1180
5127001620 315000 3 1.75 1580 11455 1 1200
9407100800 255000 3 1 1230 10170 1 1230
1873100060 693000 4 2.5 2460 4425 2 2460
8722101360 780000 3 1 1660 4400 1.5 1460
8644000060 237000 3 1.75 1270 8470 1 1270
3325069129 525000 3 2.25 2100 40510 2 1320
1400300055 425000 2 1 770 5040 1 770
2123039032 369900 1 0.75 760 10079 1 760
8078560140 290000 4 2.5 1700 7280 2 1700
3438500192 285000 3 1 1120 10701 1 1120
7974200510 415000 2 1 1070 4500 1 1070
2557000400 272500 3 2.5 2070 9900 1 1420
7960900060 2.90E+06 4 3.25 5050 20100 1.5 4750
4054500390 1.37E+06 4 4.75 5310 57346 2 5310
6378500125 436000 2 1 1040 7538 1 1040
1745100140 210000 3 1 1700 11390 1 1700
2976800796 236000 3 1 1300 5898 1 1300
4235400186 331000 3 1.75 1080 1306 1 580
4215100060 365000 3 2.5 2653 4510 2 2653
9189700045 450000 3 2 2290 16258 1 2290
1126049053 770000 4 2.75 3820 26300 2 2850
2022069200 455000 4 2.5 2210 49375 1 2210
9412900055 405000 3 1.75 2390 6000 1 1240
1722059235 304900 4 1.75 2600 11325 1 1610
6874200960 170000 2 1 860 5265 1 860
7424700045 2.05E+06 5 3 3830 8480 2 2630
7202360350 780000 4 2.5 3500 7048 2 3500
5634500392 330000 3 3 2420 13959 1 1740
1509500060 370000 4 2.5 2720 8666 2 2720
7214810350 467000 5 2.25 2500 13500 1 1850
6647200060 405000 3 1.75 1670 6720 1 1140
9552700140 675000 5 2.25 2900 10300 1 1450
2200500350 500000 2 1 1640 14100 1 1140
6113400046 389999 4 2.5 1890 15770 2 1890
6619910140 630000 4 1.75 2950 9025 1 1780
1115450240 360000 4 2.5 2160 9528 2 2160
6073240060 580000 4 3 3280 11060 2 2270
9297300045 550000 3 2 1970 4166 2 1270
9510920070 879000 4 2.5 3360 22111 2 3360
5468730030 265000 3 2 1320 8959 1 1320
8079030390 446500 3 2.5 2650 7286 2 2650
600000152 404000 3 1.5 2030 8880 1 1330
1840000030 267500 3 1.75 1590 11914 1 1090
3225069065 3.08E+06 4 5 4550 18641 1 2600
3260800030 335000 3 2.5 2440 7632 2 2440
2747100024 576000 3 2.5 1940 9000 1 970
5104530560 208633 3 2.5 2040 3810 2 2040
4330600350 315000 3 2.25 2200 8750 1 1120
5016001535 725000 3 1.75 1920 3300 1 960
7280300196 550000 4 2.75 1800 7750 1 1400
8651520400 610750 4 2.25 2180 7297 2 2180
7171200445 550700 2 1 1010 5000 1.5 1010
3204800200 665000 4 2.75 3320 10574 2 2220
3416600800 834000 4 2.5 2370 4000 1.5 1980
7994700030 201000 5 1.75 1660 78408 1.5 1660
1860600135 2.38E+06 5 2.5 3650 9050 2 3370
4139480200 1.38E+06 4 3.25 4290 12103 1 2690
4139480200 1.40E+06 4 3.25 4290 12103 1 2690
1328320800 305000 4 2.25 1950 7700 1 1350
7771300125 487000 3 2 2590 14052 1 1720
3422059208 390000 3 2.5 1930 64904 1 1930
9521101455 548000 2 1 1470 3864 1 1170
4337000335 268750 4 1 800 8775 1 800
325059286 819900 5 2.75 3150 7119 2 3150
2597650240 520000 3 2.25 2030 16200 2 2030
3353400435 230000 3 2 1450 11204 1 1450
7972000240 240000 3 1.75 1510 10248 1 1510
7520000520 232000 2 1 1240 12092 1 960
7520000520 240500 2 1 1240 12092 1 960
3530210260 274975 3 2.5 3030 45004 2 3030
1959700550 740000 4 2 2050 4400 1.5 2050
1665400045 186375 3 1 1000 7636 1 1000
9542850320 790000 3 2.25 2370 10289 1 1590
3179100060 880000 4 3.5 2800 6750 2 1890
2946001550 279000 6 1.75 2240 11180 2 2240
8078490390 295000 3 2 1810 10530 1 1810
9550201550 640000 2 1 1070 5000 1 1070
191100045 940000 4 2 2490 9525 2 2490
5009600070 260000 4 2.5 1960 5238 2 1960
200350070 559900 3 2.75 2930 5569 1 1860
2877103726 791500 4 2 1510 3500 1.5 1510
405100295 265000 3 1.75 1420 8250 1 1420
4268200055 245000 3 1.75 1740 11547 1 1740
3126069068 485000 4 1.75 2560 43995 2 2560
1115300070 684000 4 3.5 3040 8414 2 2420
6414100671 425000 3 1.75 2500 6840 1 1300
7004200060 309600 4 1.75 1275 20000 1 1275
7852110140 552250 4 2.5 2580 5823 2 2580
3969300030 165000 4 1 1000 7134 1 1000
3969300030 239900 4 1 1000 7134 1 1000
4048400070 320000 2 1 1070 32633 1 1070
808000070 206600 3 2 1390 13464 1 1390
7374200030 387000 4 1.75 2500 7690 1 1250
7325600160 299000 1 0.75 560 12120 1 560
2757000030 855000 4 2.75 2270 10460 2 2270
616000140 315000 3 1 1900 14400 1 1300
3363900111 437500 2 1 990 3120 1 790
9262800171 252000 4 1.5 1550 19800 1 1050
6607000126 375000 4 1.75 2200 7475 1 1100
5416510830 300000 4 2.5 1910 4862 2 1910
2201500030 420000 4 1 1750 9600 1.5 1750
325059171 900000 3 1 1330 77972 1 1330
952003285 679900 3 2.5 2440 5750 2 1980
3211290370 463000 3 2.5 1640 29970 2 1640
1072010350 380000 5 2.5 2760 11340 2 2760
8856950070 329500 4 2.5 1820 7912 2 1820
925059078 604950 3 2.5 2110 5608 1 1340
7855801090 795000 5 2.5 3040 9570 1 1640
723099065 465000 3 2 1840 40438 2 1840
6116500075 673000 4 2.5 2990 10400 2 2990
1118500030 810000 4 2.5 3520 15420 2 3520
424069250 785000 4 2.75 2440 69415 1 1910
3291800710 338000 4 3 2090 7500 1 1370
6838700060 280000 3 2.25 1430 7222 2 1430
2231500030 315000 4 2.25 2180 10754 1 1100
2231500030 530000 4 2.25 2180 10754 1 1100
7683900200 380000 5 3 3450 9914 2 3450
8155830060 297000 3 2.25 1450 7562 2 1450
98020310 730000 4 2.5 3230 7331 2 3230
9423400140 450000 3 1.75 1640 13500 1 1110
1545804860 275000 3 3 1590 7750 1 1060
2883200160 595000 4 2 2020 2849 2 2020
7132300695 435000 3 1.5 1300 3348 1.5 1300
1726059053 270000 2 1.5 1380 209959 1 1380
624111000 950000 3 3 4040 14338 2 3030
808300310 389000 4 2.25 2130 5337 2 2130
8563040160 560000 4 2.25 2550 7800 1 1580
713500030 1.35E+06 5 3.5 4800 14984 2 3480
8651600160 799000 4 2.25 2510 11585 2 2510
9517200030 365500 3 2 1410 9600 1 1410
2460700700 252350 3 2 1650 7352 1 1160
1223039290 403950 4 2.5 2120 13780 2 2120
2890100060 385000 4 1.5 2040 10726 1 1380
7972600860 345000 4 1 1550 7620 1.5 1550
8857320070 490000 3 2.75 1980 3128 2 1980
4047200695 330000 3 2.5 1600 26977 2 1600
1653500070 927000 4 2.75 3300 12090 2 3300
1923000030 1.12E+06 4 2.5 3840 16619 2 3840
3649100320 330000 2 1 1220 10000 1 1220
7375300160 530000 5 2.25 2720 8800 1 1500
5175800060 365000 4 2 1940 25600 1 1940
1604601375 378750 3 2.5 2160 3000 1.5 1260
2473251090 269900 4 1.75 1530 8750 1.5 1530
9126100861 557000 3 3.5 1710 2096 2 1290
3420069065 360000 4 1.75 3730 16980 1 2150
6021501685 352000 2 1 940 5000 1 940
1151100070 437000 3 2.5 1750 22357 2 1750
8856950240 322500 4 2.5 1820 6753 2 1820
9385200055 650000 3 3.25 1510 2000 2 1330
7821200390 450000 3 2 1290 1213 3 1290
8078520310 278500 3 2 1570 5250 1 1570
1565950030 364950 4 2.5 1930 6957 2 1930
1560930070 840000 4 3.5 2840 40139 1 2840
6700400140 268000 3 2.5 1550 8134 2 1550
2422029094 517534 2 1 833 143947 1 833
1774220160 632925 3 2.5 2990 32239 2 2990
1525200060 577500 3 2.5 2000 7251 2 2000
1678400105 339000 4 1.5 2390 7480 1.5 2390
3426059070 570000 3 1.75 2910 37461 1 1530
824079032 563500 4 1.75 2085 174240 1 1610
2697100140 423000 4 2.25 2200 9351 1 1290
8724300030 355000 3 2.25 1860 5028 2 1860
8678500060 1.55E+06 5 4.25 6070 171626 2 6070
625049299 482000 2 1 950 3960 1 950
6073200075 625000 3 1.75 1600 9135 1 1600
6388900710 538000 3 2.5 2250 11632 2 2250
1442860160 380000 3 2.5 2280 10255 2 2280
7942600310 375000 2 1 940 5120 1 940
1545808560 245000 3 2.5 1530 8500 1 1030
936000060 310000 5 1.75 2190 27260 1 2190
9808650060 1.30E+06 3 2 2350 15021 1 1770
3754700160 397000 4 2 1440 7680 1 1200
305500140 365000 3 2.5 2200 4052 2 2200
5468750060 328500 4 3 2290 8250 2 2290
2944010240 988000 4 3 4040 19700 2 4040
3454000060 1.00E+06 4 2.5 2610 3277 1.5 1920
646910160 237000 3 2.5 1490 2138 2 1490
8564950390 525000 4 2.5 2450 5280 2 2450
2268400350 749000 4 2.5 1710 9627 1 1440
7504101040 722500 5 2.5 4870 11800 2 3470
11500890 843000 3 2.5 3130 8750 2 3130
9528102772 438000 2 2 1270 1372 3 1270
284000223 578000 3 1.75 2120 10875 1 1540
3353401710 227950 3 1.5 1670 8230 1 1670
8159610030 196000 3 2.25 2070 11576 2 2070
3179100435 641000 2 1 1420 5332 1 1070
822079033 350000 3 1.5 1250 219978 1 1250
8857600960 205000 3 1 940 7980 1 940
1774000200 400000 3 1.75 1920 9102 1 1920
2024069128 1.03E+06 3 2.5 3545 9816 1 2610
1049010390 505000 3 2 1260 5460 1 1260
7905370390 475000 5 2.5 2340 7200 1 1300
4140090240 520000 3 2.25 2590 9263 1 1440
4055700030 1.45E+06 3 4.5 3970 24920 2 3260
3775300030 333500 3 1.75 1220 9732 1 1220
2525300030 232000 3 1 1400 10403 1 1400
1324059104 691100 3 2.75 2360 16117 1 1710
2287000030 811000 3 1.75 1870 9897 1 1870
7702010030 551000 3 2.5 2830 5802 2 2830
1529200340 496500 3 2.5 2260 3640 2 2260
2122039094 705000 3 3 1970 20978 2 1770
1742800030 578000 4 2.5 3140 9225 1 1770
1796360350 255000 3 1.75 1240 8659 1 1240
6154500070 1.05E+06 4 3.5 3450 7832 2 3450
1843100340 348000 3 2.25 2570 8491 2 2570
8944290160 230000 3 2 1510 3413 2 1510
4166600473 359500 4 2.25 2390 11250 2 2390
7282300125 330000 3 1 980 7000 1 980
8658300340 80000 1 0.75 430 5050 1 430
2419600075 465000 3 1.75 1480 6360 1 1480
2621760350 325000 4 2.5 1850 7324 2 1850
1723049270 340500 3 2 2270 28025 1 1920
4123840310 342500 3 2.5 1810 5192 2 1810
2172000075 290900 2 2 1610 17600 2 1610
8651611170 868700 3 4.25 3840 6161 2 3840
8820902200 1.20E+06 4 2.75 4110 8400 2 3130
8651610890 1.15E+06 4 3.25 4190 10259 2 3150
1853080570 859900 4 2.75 3390 6298 2 3390
3629920030 520000 4 2.25 1890 3006 2 1890
1604602050 460000 3 2.5 1610 2527 2 1080
6844700810 438924 3 1.5 1050 4590 1 850
66000070 315000 2 1 630 6550 1 630
6665800030 590000 4 2.75 2910 10650 1 1780
2205700350 378500 4 1.75 1700 8640 1 850
5466000030 328500 3 2.5 1950 8130 2 1950
6189200125 849950 3 3 2990 9773 2 2990
9169600135 525000 3 1.5 1350 6000 1 900
2625069070 1.39E+06 4 3.25 4860 181319 2.5 4860
8732131090 295000 4 2.5 2160 7725 1 1460
9286000240 1.07E+06 6 3.5 4860 11793 2 3860
1895000260 207950 2 2 890 5000 1 890
8691370400 699900 4 2.75 2810 7302 2 2810
5423010350 1.28E+06 5 2.5 3400 9500 2 3400
8562501040 452000 4 1.5 1580 7350 1 960
2475200140 370000 3 2 1680 5036 1 1680
7942100310 232000 3 1.75 1300 11230 1 1300
3760000030 669950 5 2.5 2820 14062 2 2380
1727500340 397500 3 2 1510 6710 1 1070
9828702519 490000 2 2.5 1230 1391 2 870
4432600075 725000 4 2 2110 4140 2 1710
7806300030 299000 3 2.75 3080 19635 1 1610
9274202270 625000 2 1.5 1490 5750 1.5 1190
7852030960 437500 3 2.5 2120 4500 2 2120
7852170140 650000 4 2.5 3180 5438 2 3180
7518503335 475000 2 1 1490 3825 1 860
5467900070 342000 3 2 1930 11947 1 1930
1245002952 1.20E+06 4 2.5 2770 7800 2 2770
8906200070 280000 3 1.5 1670 11610 1 1670
5379805885 240000 2 1.75 1330 7200 1 1330
2769600560 529000 3 1 1210 3328 1.5 1210
9238901420 442000 3 1 1190 5100 1 1030
5113400431 615000 2 1 1540 6872 1 820
3885805665 1.49E+06 4 3.75 4030 10800 2 4030
8121200810 585000 4 1.75 2430 7559 1 1580
5126310400 480000 4 2.5 2600 7787 2 2600
7322910030 1.10E+06 5 3.5 4410 57063 2 4410
2827100070 290000 4 1 1330 8184 1.5 1330
9276201895 615000 3 1.75 1900 5000 1 950
4402700070 300000 2 1 1100 7680 1 1100
1922059046 308000 3 1 1980 39150 1.5 1580
925059288 750000 3 2.5 2400 7745 2 2400
4386700135 2.25E+06 4 2.25 4760 8036 2.5 3390
1923069078 890000 4 3.25 3180 194278 2 3180
1432400335 288000 3 1 1190 7560 1 1190
1180003090 190000 2 1 630 6000 1 630
726049331 515000 5 3 2530 5105 1 1520
3340401555 235000 4 1.5 1690 11054 1 1690
7453000070 275000 2 1 940 5000 1 940
4348800030 727500 2 2 1240 9119 1 1240
7202331420 650000 4 2.5 3040 6587 2 3040
3225079035 1.60E+06 6 5 6050 230652 2 6050
6381500700 365000 4 1 1590 7085 1.5 1590
339500160 662000 3 1.75 2500 36947 1 2500
1545807610 270500 3 2.5 1780 7848 1 1320
1843200240 200000 2 1.5 1360 1898 2 1360
4403600270 970000 4 3.25 4740 76230 2 4740
2008200060 160000 3 1.5 1010 9600 1 1010
1521069070 204000 3 1 1040 7405 1 1040
2459500310 358000 3 2.25 1610 6655 2 1610
6204420070 452000 4 1.75 1570 8268 1 1570
5694500105 595000 2 2 1510 4000 1 1010
5466410030 249000 3 2 1360 6082 1 1360
9485740340 346900 4 2.5 1970 5106 2 1970
622049114 2.13E+06 3 2.5 5403 24069 2 5403
2270000070 280000 4 2.5 1560 4350 2 1560
1310900260 318888 4 1.75 2320 12000 1 2270
224069094 530000 3 2.25 2120 40518 1 2120
7800800160 375000 3 2.25 2120 18500 2 2120
2944000240 910000 4 2.5 3350 29242 2 3350
4139400710 782000 4 2.5 2380 9614 2 2380
7899800860 259950 2 2 1070 649 2 720
2473420140 315000 4 2.75 2300 18360 1 1560
5000500055 215000 2 1 1320 8865 1 1320
4099500935 705000 3 1.75 2180 10221 1 1140
1373800295 1.45E+06 3 3 4380 6320 2 3580
4025300135 451000 3 1.75 1790 9813 2 1790
3294700310 261000 2 1 750 8125 1 750
8718500075 396000 3 1.5 1300 8280 1 1300
4309710240 725000 4 2.5 2990 29170 2 2990
5486800070 1.95E+06 7 3.5 4640 15235 2 2860
236400320 238000 4 1 1400 7242 1.5 1400
4376700570 750000 6 1.75 2750 9563 2 2750
8648100200 331500 4 2.5 2050 10271 2 2050
3624079046 460000 4 3 2230 108900 1 1410
1921069084 404950 4 2.25 2340 217014 1 2340
6431500140 880000 3 2.5 2870 5163 2 2870
2725069050 863000 4 2.5 4120 22370 2 4120
5307100060 638700 3 1.75 2080 9162 1 1370
7203102050 435000 3 2.5 1840 5680 2 1840
561000075 260000 3 1 1180 5350 1.5 1180
2436701180 671500 5 2.75 2160 4000 1.5 1530
809002765 610000 3 1 1180 3400 1.5 1180
4045500710 405000 2 0.75 1160 15029 1 870
5104510270 338900 4 2.5 1830 5612 2 1830
98020350 720000 4 4 3200 7708 2 3200
1714900060 442000 5 3 2560 5445 1.5 1760
1189000030 650000 5 2.75 2550 5040 1.5 2550
2473360060 263500 3 1.75 1330 9917 1 1040
222069082 300000 2 1 1220 75794 1 1220
8669160310 266000 3 2.5 1805 3402 2 1805
1526069135 930000 4 4 6050 84942 2.5 4150
1088650310 530000 4 2.5 2320 5493 2 2320
8945200860 180000 3 1 1384 8960 1 1384
7853240200 619000 3 2.5 2720 6439 2 2720
7511800070 264000 3 1.5 1820 10608 1 1820
2998800125 730000 2 2.25 2130 4920 1.5 1530
3876300310 439000 4 2.25 2060 10070 2 2060
5419800510 268500 4 1.75 1420 7500 1 1080
192460060 330000 3 1.75 1510 15744 1 1510
7942601895 640000 3 2.5 2160 4000 1.5 1960
7504010570 900000 3 2.5 3180 12600 2 3180
1442740140 370000 3 2.25 2110 13300 2 2110
6909200575 685000 3 2 2060 2900 1.5 1330
2525069041 505000 3 1.5 1830 217800 1 1010
3620069036 265000 3 1.75 1820 32666 1 1820
2781280390 290000 3 2.5 1610 2937 2 1610
9542830350 296000 4 2.5 1780 3600 2 1780
1123049053 360000 4 2.5 1840 9611 2 1840
8018600765 240500 3 1.75 1460 10584 1 990
3278600240 372500 2 2.5 1400 2958 2 1400
7846200070 595000 3 2.5 3370 14402 2 3370
662310400 515000 4 3 3590 8249 2 3590
8651100140 1.22E+06 4 2.25 3200 15367 2 3200
8682250350 507000 2 1.75 1670 6460 1 1670
3211230260 399950 4 2 2420 31465 1 2420
4233400340 185000 3 1.75 1430 10816 2 1430
7199350340 460000 3 1.75 1440 7070 1 1440
3904901710 435500 3 2.25 1450 4789 2 1450
240000058 469000 4 2.75 3550 13938 1 2100
6865200444 531000 2 3 1270 1175 2 1110
9498200046 443500 2 1 940 6804 1 940
1796380960 223000 3 2 1670 6824 1 1300
5631500868 590000 4 3.5 3100 15842 2 2400
3126049411 340000 2 2.5 1100 1760 3 1100
2321300390 650000 3 2 1870 3388 1 1230
3905040800 533600 3 2.5 1930 5080 2 1930
4379400260 695000 3 2.75 2540 4694 2 2540
5115000160 242000 3 1.75 1280 7524 1.5 1280
2826049234 425000 3 2.25 1820 8814 1 1280
6600700030 525000 3 2.25 1490 9414 2 1490
3904930240 485000 3 2.5 1880 5502 2 1880
9407110700 175000 3 1 1250 9775 1 1250
1682500160 210000 3 2 1440 7210 1 1440
8078570390 260000 3 2.5 1920 7415 2 1920
3010300240 577000 3 2.5 2060 5750 1 1330
9500900135 200000 3 1.5 1210 10588 1 1210
461001615 605000 2 1.75 1760 5000 1 940
6411600069 325000 3 1 990 6750 1 990
7812800565 289500 3 1 960 6400 1 820
7548300731 559950 3 2.5 1660 1458 3 1660
8925100390 1.04E+06 3 1.75 1900 9375 1 1330
7010700292 543500 3 2.25 1270 2790 1 990
9485951170 480000 4 2.25 3250 34293 2 3250
5437820310 218000 3 1 960 9633 1 960
582000135 565000 2 1.75 1330 6000 1 960
3204800370 426700 3 1.75 2080 7700 1 1600
8832900550 650000 3 2.5 2690 11575 1 2130
9550204515 542000 2 1 890 3060 1 770
7199330390 415000 3 1.75 1070 8000 1 1070
6131600060 214000 3 1 1200 8316 1 1200
5379805460 245000 3 1.5 1360 8910 2 1360
7212652180 314500 3 2 2050 13303 1 2050
6379500640 1.12E+06 3 1.5 3000 5750 2 2000
4315700060 378000 2 2 1300 3850 1 800
3329500060 305000 4 2.5 2250 9091 1 1340
4140090320 595000 5 2.75 3740 6750 1 1980
9385200045 729500 3 2.5 1660 1091 3 1530
7852180340 430000 3 2.5 2360 6699 2 2360
1545804340 240000 3 1.75 1760 6500 1 1150
2490200320 545000 3 1.75 1680 6200 1.5 1680
2218000335 530000 3 1.75 1320 2500 1 870
922049078 157000 1 1 870 26326 1 870
2586800270 425000 4 1 1260 7645 1.5 1260
4338800370 220000 3 1 1000 6020 1 1000
7214700350 521000 4 1.75 2020 36400 1 1550
3226200105 325000 3 1 1920 6862 1 1120
2324039036 597500 3 2 2150 5400 1.5 1380
7849202231 337000 3 2.5 1470 3976 2 1470
5196410260 1.00E+06 3 2.5 3180 10492 2 3180
3760500116 3.07E+06 3 2.5 3930 55867 1 2330
2985800030 495000 3 1 990 6000 1 990
259900160 748000 4 3.5 2770 3330 2 1970
708000030 888000 3 1.5 1250 8710 1 1250
192460310 269900 3 1.75 1140 22267 1 1140
9412200260 496500 4 2.5 2250 14440 1 1550
1062100116 475000 3 2.5 1640 5097 2 1640
6798100662 312000 3 1.5 1255 1374 3 1255
1775920350 323000 3 1 1290 12231 1 1290
2525500260 331000 3 1.75 1300 9079 1 1300
6145600041 306000 3 1.5 1220 1086 3 1220
3300701615 655000 4 2.5 2630 4000 3 2630
5151600340 290000 3 1.5 1950 15954 1 1950
7613700521 1.25E+06 4 3.25 3160 5000 2 2360
2710600045 460000 3 1.75 1550 4708 1 860
5101405124 435000 4 2.5 1700 6380 1 850
6067910030 664000 4 2.75 2510 11880 1 1630
1959701890 865000 4 1.75 1800 4180 2 1800
1402200340 385000 3 1.75 1800 18000 1 1200
3558900070 497000 3 2.25 1870 9315 1 1350
7846700310 280000 2 1 1010 3000 1 1010
3348401740 188000 2 1.5 1120 17487 1 1120
3013300288 478500 3 1 2090 4755 1 1200
7852070060 1.15E+06 4 3.5 4370 18361 2 4370
5029450160 222000 3 2 1440 7187 1 970
3526069070 799000 4 3 2580 209523 2 2580
5104540240 609900 4 2.5 3190 7399 2 3190
3438500486 413000 4 3.5 2380 5809 2 1750
5102400105 400000 4 1 1420 4875 1.5 1420
2346200030 802541 5 2.75 2990 6768 2 2990
1321710030 320000 3 2.5 2680 7757 2 2680
7853290030 507000 4 2.5 2730 7649 2 2730
1566100400 387500 3 1 1220 8329 1 1220
1775800800 396000 3 1 1500 12616 1 1500
9133600075 373000 3 1.75 1830 11788 1 1430
5450900060 1.48E+06 5 2.5 4570 19252 2 4570
1402600700 359900 4 2.25 2470 7698 2 2470
8024200350 410000 2 1 800 4342 1 670
3121500340 690000 4 2.5 2900 23488 2 2900
7697870860 245000 3 2 1410 5760 1 1410
7527200030 700000 5 2.5 2830 25958 1 1610
2013200390 268000 4 1.75 1680 9966 1 1100
766500030 225000 3 1.75 1760 26055 1 920
6664000030 980000 4 2.25 2240 11034 2 2240
9349900105 795000 2 1 1380 5000 1.5 1380
1895000045 195000 2 1 820 5100 1 820
6205500030 480000 4 2 2180 10575 1 1730
7011200260 485000 4 2 1400 3600 1 1100
41000454 130000 2 1 880 9000 1 880
7203600550 325000 2 1 1060 5703 1 1060
9477200560 440000 3 1.75 1530 7245 1 1530
4022907770 550000 4 1.75 2480 14782 1 1460
5231000060 310000 3 1.75 1490 7150 1 1490
6055000310 530000 3 2.5 3660 39478 2 3260
3216900060 390000 4 2.5 2340 8548 2 2340
7967200060 243000 3 1.75 1450 12125 1 1450
8077210350 639000 4 2.5 2210 9875 2 2210
7203000640 215000 4 1 1130 7400 1 1130
2988000070 405000 5 1.75 1550 10500 1 1100
3832200070 250000 4 1.75 1710 7140 1 1010
3670500710 405500 3 1.5 1010 8108 1 1010
8820903380 452000 6 2.25 2660 13579 2 2660
8820903380 730000 6 2.25 2660 13579 2 2660
4233400400 267000 3 2 1300 9644 1 1300
3793500550 289950 3 2.5 1670 6186 2 1670
6431000270 565000 2 1 960 4080 1 960
2225059214 1.58E+06 4 3.25 4670 51836 2 4670
7694800270 636000 3 2.5 2140 2770 2 1770
2171400197 350000 5 3 2520 5500 1 1550
2473400340 320000 3 1.5 1650 9380 1 1130
3530490070 210000 2 1.75 1440 5680 1 1440
1932300075 245000 2 1 1050 5900 1 1050
2525000510 328000 3 1.75 1470 7650 1 1130
1853000510 985000 4 2.25 4230 37769 2 4230
1742800060 501000 3 1.75 1970 7972 1 1370
2723089104 315000 3 2.25 1540 17424 2 1540
2619950350 403000 3 2.75 2090 8354 2 2090
4021100045 550000 3 2 2380 17950 2 2110
731500200 347500 4 2.5 2156 3562 2 2156
2591820310 365000 4 2.25 2070 8893 2 2070
3626039299 588000 3 1 1910 8167 1 1270
9346980140 605000 3 1.75 1920 7400 1 1260
6613000140 1.30E+06 3 3.25 3400 5979 2 2290
8159610060 233000 3 2 1400 9177 1 1400
7830800339 360000 4 2.5 2210 17715 2 2210
1588600045 459000 2 1.75 1170 4887 1 1020
826069046 740000 3 2 2100 72745 1 2100
1771000890 305000 3 1 1160 9750 1 1160
3300701170 395000 3 1 1500 4000 1 900
7340500270 560000 4 2.5 2940 6000 2 2940
9277200111 650000 4 1.75 2010 5070 1 1300
293720140 449950 3 2.5 2170 4912 2 2170
579003610 517500 3 1.5 1430 5200 1 1250
1138020200 435000 4 1.5 1510 6460 1 1070
3432500200 329999 3 1 1150 6908 1 800
1563102435 950000 3 1.75 2150 4200 1 1140
3959400710 447000 3 1 1370 6001 1 1230
8682300890 699800 2 2.5 2380 6600 1 2380
4385700765 850000 3 1.75 1370 3850 1 770
5149300200 316500 3 1.75 1600 14250 1 1070
9323600060 942500 5 3.5 3750 9612 1 2030
9273200140 1.31E+06 2 2.25 3950 3938 2 2910
9542300320 856600 4 2.25 2400 13430 1 2400
770000045 405600 5 1.5 2830 4000 2.5 2830
6979900390 565000 4 2.5 2440 22594 2 2440
6379500159 400000 3 2.25 1190 1149 2 1050
826079094 330000 3 2 1400 218252 1 1400
8856940060 374950 4 2.75 2730 4683 2 2730
2972300060 405300 3 2.75 2390 7939 1 1610
3575200070 560000 3 2.25 2060 31400 2 2060
8146100270 824000 4 2.25 2490 9864 1 1290
8648200030 260000 3 1.75 1100 10968 1 1100
208500160 760000 4 2.5 2430 6099 1 1470
1196003428 405000 3 2.5 3170 12750 2 2360
5104450990 429900 4 2.5 2640 8625 2 2640
3343901234 341500 3 1.5 1130 7223 1 1130
226039214 465250 5 2 1940 7642 1.5 1940
1623300160 450000 2 2 1100 3000 1.5 1100
2205500575 390000 3 1 1200 10800 1 1200
4040800810 420000 3 2.25 2000 8030 1 1000
2612000390 269950 3 2.5 1890 4838 2 1730
3814400125 493000 4 2 1910 2874 1 1060
7300400060 370000 4 2.5 2710 5880 2 2710
1954700695 2.25E+06 5 4.25 4860 9453 1.5 3100
7230200340 305000 3 1 1250 23680 1 1250
3191000240 400000 3 1.75 1590 8219 1.5 970
1139000069 320000 3 1.5 1240 1221 2 1050
5693500270 715000 4 1 2000 4800 2 2000
686500030 650000 6 2.75 3610 10003 1.5 3610
8731901940 218000 5 1.75 1930 8040 1 1930
2688100071 500000 2 1 1280 5400 1 1280
2423069155 460000 4 2 2090 40419 1 2090
2329500260 232500 3 1.5 1940 9887 1 1140
2608300030 408200 3 2.5 1800 5761 2 1800
1494300060 522000 3 1.75 1730 8400 1 1400
7504101230 675000 4 2.5 2810 11120 2 2810
8081020370 1.36E+06 4 3.5 3550 11000 1 2260
1446800511 249950 4 1 1330 7980 1.5 1330
1623049062 210000 2 1 750 34133 1 750
6145601000 429950 4 1 1760 7216 1 1090
205000520 737500 4 2.5 3200 36276 2 3200
3885805935 710000 4 2 1740 9000 1 1740
7852020640 470000 3 2.5 2100 4700 2 2100
6838800140 1.10E+06 4 3.5 4270 40097 1 4270
4083305445 650000 3 2 1340 2720 1.5 1340
7855801610 1.22E+06 4 2.5 3190 8684 1 1680
7940700260 422120 3 2.5 1630 4534 2 1630
8854100350 625000 5 2.5 2990 15085 2 2990
4365200860 385200 4 1 1550 7740 1.5 1550
3904980030 500000 3 2.25 1690 4964 2 1690
7843500070 308000 4 2.25 1960 12243 2 1960
6067900060 565000 3 2.75 2390 9966 1 1360
7202340960 581000 3 2.5 2600 4438 2 2600
1786640070 361000 3 2 1950 8698 1 1950
259600260 345000 3 1 1250 7210 1 1250
7234600903 419000 2 2.25 1180 1253 2 840
4307350200 347000 3 2.5 1680 4308 2 1680
3276930400 625000 4 2.25 2220 36085 2 2220
4045100075 2.40E+06 4 4.25 4890 15188 2 3090
1421069208 379000 3 3.25 2660 17852 2.5 2660
4057300200 310000 3 1.5 1150 3323 2 1150
1922059135 250000 2 2 1130 5500 1 1130
5014600240 682000 5 2.75 2760 5000 2 2760
1565900070 246500 3 2 1430 8919 1 1430
3121059033 325000 3 1 1490 57381 1.5 1490
6799300270 310950 4 2.5 2030 4997 2 2030
2021200370 1.10E+06 3 2 3010 5000 2 1890
726049190 287500 3 1 1810 7200 1 1130
726049190 431000 3 1 1810 7200 1 1130
4006000251 226000 3 1 970 5000 1 970
3362400640 825000 3 1.75 2010 3090 1.5 1510
1610000016 175000 4 1 1300 6030 1.5 1300
7376300060 465750 3 1.5 1260 10350 1 1260
7300200550 659000 4 2.25 2610 24931 2 2610
2061100570 595000 3 1.75 1910 5753 1 1110
8856890200 350000 3 2.25 1780 16290 2 1780
8731951670 270000 4 2.25 1900 8600 1 1900
4037200075 662500 6 2.25 2450 25600 1 1340
5066400483 249900 3 1.75 1380 14000 1 1380
4167300310 324500 3 1.75 1920 11340 1 1230
8682262400 430000 2 1.75 1350 4003 1 1350
8682262400 419950 2 1.75 1350 4003 1 1350
6777800160 285000 4 1.75 2510 7440 1 1290
1402950550 332000 4 2.5 2470 7780 2 2470
2843200070 282000 4 1.75 1660 10725 1 960
6450303785 320000 3 1 1340 5175 1 940
9429500045 428750 3 1 1620 30736 1.5 1620
1443300140 330000 3 2.25 2300 35287 2 2300
108000127 456500 4 3.5 2000 2309 3 2000
1081300200 352000 3 2.25 1640 11050 1 1640
8818900060 664000 4 2 1530 4080 1.5 1530
3395050060 628000 3 1.75 4000 11894 1 2190
7197350070 512000 3 1.75 1610 12555 1 1080
9510900270 254000 3 2 2070 9000 1 1450
3905081070 535800 4 2.5 1900 5790 2 1900
2322069114 287653 3 1 1050 16050 1 1050
5637500070 438000 3 2.5 1520 1304 2 1180
4164100160 450000 4 1.75 2390 23899 1 1750
4136890260 327000 5 2.75 2400 8050 2 2400
3056800160 370500 4 2.5 1790 6120 2 1790
3654800200 265000 3 2.5 1720 6271 2 1720
2296500036 450000 4 2.75 2980 13260 1 1800
623069068 425000 3 1 1520 213444 1.5 1520
1865820370 166600 3 1.75 1150 8690 1 1150
1723049033 245000 1 0.75 380 15000 1 380
2359300030 565000 3 1 910 5212 1 910
6403310060 539900 3 1.75 1650 10150 1 1230
1937300270 910000 3 3.5 2480 3200 2 2480
4137050060 280000 4 2.5 2050 7416 2 2050
2310000240 275000 3 2.25 1420 8549 2 1420
3955900830 467000 3 2.5 3460 6590 2 3460
8665050060 457500 3 2.5 1500 4445 2 1500
3330500875 381156 2 1 1320 3090 1 1320
3327020400 289999 5 2.5 2180 8240 1 1220
1250700060 642450 3 1.75 1830 4160 1 1230
4039300400 469950 3 2.25 1620 8701 1 1220
6665800060 795000 3 2 2920 13650 1 1460
7504110030 785000 4 2.5 3300 10514 2 3300
7805450810 860000 3 2.25 3060 12095 2 3060
6306400140 1.10E+06 0 0 3064 4764 3.5 3064
8802400416 147500 3 1 1530 8498 1 1530
6204400270 390000 3 2 1910 11576 1 1410
9536602080 229000 3 1 1020 8100 1 1020
3826000070 185000 3 1 1150 8100 1 1150
5101405335 414900 3 1.5 1260 9570 1 870
2349300060 200000 4 2 1920 4822 1 920
7749500370 225000 4 2.25 1800 9350 1 1800
2436701200 720000 3 1.75 2040 4000 2 1360
7871500070 930000 4 2.5 2200 4000 2 1430
3323500030 1.27E+06 5 2.5 3200 17204 1 2160
2110200036 700000 5 3.25 2400 3118 2 1780
510002519 466000 2 1.5 1140 1058 3 1140
1387300070 374000 3 1.5 1330 10640 1 1330
9465910070 480000 3 2.5 1940 10035 2 1940
2324800070 740000 3 2.5 3000 25341 2 3000
1962200435 1.01E+06 4 1 1820 5400 1.5 1820
8562890700 395000 4 2.5 2910 5000 2 2910
3298700946 340000 2 1 1090 6771 1 1090
880000189 209000 3 2 1230 1340 2 1020
643500030 431650 5 2.5 1710 7700 1.5 1710
8566100200 980000 5 2.5 3160 11470 1 1780
4298100240 660000 3 2.5 2680 28243 2 2680
3275780030 730000 4 2.25 2190 9009 2 1840
8648220270 291500 3 1.75 1260 9600 1 1260
1923000160 905000 4 3.5 2970 14486 2 2340
7574910860 800000 4 2.5 2570 50308 1.5 2570
2296500136 839900 4 3.5 3810 13592 1 2560
3278600710 200000 1 1.5 1010 1157 2 950
2460700260 300000 3 2 1480 6698 1 1080
3188100400 530000 3 1.75 1250 6041 1.5 1250
9406520830 314950 3 2.25 1654 8479 2 1654
3387900390 255000 3 1.75 1410 9315 1 1410
1596600024 550000 5 2.75 2160 5720 1 1500
7625701891 435000 3 1 1400 4800 1 700
3224800075 234000 3 1.75 1420 8738 1 1420
7526800200 615000 4 2.25 2500 10062 1 1600
3329530200 205000 3 2 1410 8384 1 1410
2115200125 384000 4 1.75 2100 7135 1 1050
6623400135 324000 3 2.5 1750 7208 2 1750
103000116 645000 3 1.75 2070 5500 1 1130
2768301525 570000 3 3.25 1570 1777 2 1260
739980260 324000 3 2.5 1920 5322 2 1920
4302200695 270000 2 1 1000 10320 1 1000
1431700370 290000 5 1.5 2120 7700 1.5 2120
7524000030 250000 3 2 1440 9220 1 1440
4046500320 342000 3 1.75 1660 16275 2 1660
4325000125 255000 3 1.5 1340 8450 1 1340
3456000160 800000 3 2.25 2380 11824 1 1450
9297301580 451000 3 1.75 1560 4049 1.5 1000
2465400036 990000 4 2.5 2780 10480 1 1390
5412200270 288400 4 2.5 1860 6687 1 1220
1109000390 420000 3 1.5 2390 4600 2 1750
8730000270 359000 2 2.75 1370 1140 2 1080
7937600830 390000 4 3 2570 262018 1 1420
3395070640 300000 3 2.5 1320 2614 2 1320
8663280160 545000 5 2.5 2520 7863 1 1500
6151800624 288349 3 1 1250 18616 1 1250
8594400370 299900 3 2.25 1560 35026 1 1290
2301400640 891000 4 2 2330 5000 1.5 1720
4441300240 1.20E+06 3 2 3660 22410 1 1830
7714000070 378000 4 2.5 2790 4650 2 2790
3432500486 299995 2 1 1060 7200 1 1060
5466420030 253000 3 2.5 2020 6564 1 1310
1324079046 350000 3 2.25 1580 47916 1 1580
2768301715 565000 4 3 2020 4300 1.5 2020
3332000135 315000 2 1 970 5665 1 970
65000400 570000 4 3 1490 6766 1.5 1490
8820901670 971000 5 3.5 4390 10140 2 3350
8712100575 915000 5 2.5 2750 5589 1.5 1840
6116500341 419000 4 1.5 2150 23568 1 2150
4167300030 260000 4 1.75 1810 7480 1 1230
2925059135 1.32E+06 3 3 2230 12968 2 2230
7708300140 369950 3 1 2430 10720 1 2430
4139430340 1.03E+06 3 2.5 3680 13384 2 3680
3812400070 435000 5 1 1410 6750 1.5 1410
9455200445 601000 3 1.75 1330 6743 1 1330
6203000160 460500 3 1 1490 10650 1 1150
7517500611 720000 3 2.5 2020 1159 3 2020
8691300860 851000 4 2.5 3130 13202 2 3130
5489200435 550000 4 3 2670 5000 2 2670
510002065 700000 4 1 1980 4560 1.5 1980
252000400 323000 3 1.75 2100 14850 1 2100
7279300070 345500 3 1 1350 8581 1 1350
8113101670 378000 4 1.5 2140 7920 1 1190
7578200310 650000 4 2 2208 5000 3 2208
7715800570 385000 3 2 1010 7380 1 1010
6852700478 425000 2 1 970 2970 1 970
1917300260 210000 4 2 1520 6174 1.5 1520
4298100070 630000 4 2.5 2740 43101 2 2740
1842000140 335000 3 1.75 1570 7500 1 1300
5462100240 196500 3 1 1320 9000 1 1320
8651520510 582800 4 2.75 2550 7636 1 1440
3578110200 440000 3 1.75 1560 7207 1 1250
7555210340 752500 4 2.25 2360 8616 2 2360
2313900510 532500 3 1.75 1330 5000 2 1210
2009001600 265000 3 1 1070 9000 1 1070
1455100116 397500 3 1.25 1510 13737 1 810
3629790160 524250 3 2.5 1710 3469 2 1710
1778350070 765000 4 2.75 2790 10819 2 2790
1703050200 648000 4 2.5 2620 5450 2 2620
5469700570 469500 5 2.5 2970 24759 1 1670
100600860 237500 3 1.75 1050 7854 1 1050
421049116 216000 3 1 1280 8712 1 1280
3205200640 427200 3 1 1030 8400 1 1030
8899200570 280000 3 2.25 1900 7800 1 1390
1777500160 718000 5 3 3070 9804 1 1740
7853340860 420000 2 2.75 1760 4139 2 1760
1862400132 379000 2 1 930 5400 1 930
6380500135 326100 2 1 880 7683 1 880
9528104108 535000 3 2.5 1360 1016 3 1310
2571910160 283000 4 2.75 2130 8560 1 1560
316000160 260000 3 1 1480 7469 1.5 1120
2695600505 399000 4 1 1500 6388 1.5 1500
3904910320 484950 3 2.25 1670 5004 2 1670
4100000140 640000 4 1.75 2060 9828 1 2060
3226049270 585000 4 2.5 2160 8158 1 1660
1455600030 645000 4 2 2780 11583 1 1190
5559600140 253000 3 2 1490 7651 1 1490
5147600105 178500 2 1 740 6460 1 740
7437100570 291000 4 2.5 1860 6325 2 1860
8856004730 199950 2 2.75 1590 20917 1.5 1590
3856902996 553500 2 1 850 2340 1 850
1442800370 189950 2 1 1030 4188 1 1030
8001400340 289000 3 2 1850 9550 1 1850